89,125,160,160,851,851
104,68,160,160,214,851
5,23,214,214,0,0
59,60,120,120,1011,1011
99,46,160,160,851,851
83,66,121,121,1489,1489
93,30,121,120,1489,1011
60,96,120,121,1011,1489
80,55,120,121,374,1489
56,53,120,120,374,1011
6,41,214,214,0,0
10,109,160,160,214,851
61,64,214,214,0,0
90,120,121,120,1489,1011
113,2,120,120,374,1011
0,174,120,121,1011,1489
8,51,160,160,851,851
1,146,120,121,374,1489
73,53,160,160,214,851
52,4,120,120,1011,1011
147,57,121,121,1489,1489
145,151,90,90,494,1610
32,13,90,268,494,1700
95,85,160,160,851,851
155,69,91,90,1968,1610
138,11,90,268,494,2059
3,204,268,90,1221,1131
196,4,90,268,1131,1221
14,12,268,268,1700,1221
19,10,268,268,1221,1700
13,17,268,268,1700,2059
61,141,120,120,374,1011
26,55,90,91,494,1968
18,21,268,268,2059,1221
10,187,91,91,1968,1968
64,18,160,160,214,851
24,187,269,90,2327,1131
125,158,120,121,1011,1489
14,26,268,90,2059,1610
4,171,267,90,584,1610
22,174,269,91,2327,1968
19,22,267,268,584,1700
197,12,90,268,1610,2059
80,20,90,268,494,1221
18,5,268,268,1700,1700
128,162,120,121,374,1489
149,135,121,120,1489,1011
24,42,268,90,1700,1610
0,8,268,268,1221,1221
33,81,90,91,1610,1968
3,90,268,90,1700,1131
11,198,268,91,1700,1968
68,74,90,90,1610,1610
44,68,214,214,0,0
107,82,90,90,1131,1131
93,26,91,268,1968,1700
12,147,267,91,584,1968
118,12,90,268,1610,1221
109,136,121,121,1489,1489
68,19,91,268,1968,1221
17,23,267,268,584,2059
28,131,91,90,1968,1131
25,8,268,268,2059,2059
21,15,269,268,2327,2059
5,152,90,90,1131,1610
3,9,269,268,2327,1221
18,24,268,268,2059,1700
192,82,90,90,494,1131
23,50,267,90,584,1131
20,12,269,268,2327,1700
87,10,90,268,1610,1700
3,172,268,90,1221,1610
137,150,120,120,1011,1011
9,63,90,90,1610,1131
100,0,90,268,1131,1700
2,142,268,90,2059,1131
105,11,91,268,1968,2059
27,18,267,268,584,1221
6,176,269,90,2327,1610
6,52,268,91,2059,1968
205,139,90,90,1131,1131
87,16,90,268,1610,1700
113,45,91,91,1968,1968
8,20,267,268,584,2059
13,110,160,160,214,851
101,45,120,120,374,1011
172,163,120,120,1011,1011
13,146,90,90,1610,1131
0,15,90,268,494,1221
119,16,90,268,494,1700
8,11,268,268,1700,1221
13,56,268,91,1700,1968
55,6,214,214,0,0
168,18,90,268,494,2059
13,15,268,268,2059,1221
20,22,267,268,584,1221
1,29,160,160,851,851
36,36,91,90,1968,1131
4,2,268,268,1700,1700
17,11,268,268,2059,2059
110,2,91,268,1968,1221
4,86,269,90,2327,1131
43,13,91,268,1968,1700
15,72,268,90,2059,1131
12,4,267,90,584,1610
3,15,268,90,2059,1610
18,127,267,90,584,1131
148,115,120,121,1011,1489
48,43,90,90,1610,1610
172,12,91,268,1968,2059
52,185,90,90,494,1131
27,2,267,268,584,1700
136,50,90,90,1131,1610
152,9,120,121,374,1489
23,22,268,268,1700,2059
97,151,90,90,494,1610
137,160,90,91,494,1968
2,5,268,268,2059,1700
26,140,268,90,1700,1610
21,159,121,121,1489,1489
31,14,90,268,1610,1221
132,185,90,91,1610,1968
6,0,268,268,1221,1700
28,100,121,120,1489,1011
78,20,90,268,1131,1700
22,92,267,91,584,1968
14,59,91,90,1968,1610
12,21,268,268,1221,1221
14,116,268,90,1700,1131
54,12,90,268,1610,2059
26,28,268,91,2059,1968
4,22,269,268,2327,2059
18,148,268,90,1221,1131
4,61,268,90,1221,1610
17,203,269,91,2327,1968
76,10,90,268,1131,1221
22,86,269,90,2327,1610
20,10,269,268,2327,1700
21,10,269,268,2327,1221
21,11,90,268,1131,1221
9,162,268,90,1700,1610
9,188,91,90,1968,1131
7,49,268,90,2059,1131
41,2,91,268,1968,2059
48,128,68,68,2059,1221
40,21,200,200,1768,1768
10,166,268,91,2059,1968
59,225,68,68,1221,1221
177,167,90,90,1610,1131
97,122,160,160,851,851
116,119,121,120,1489,1011
143,21,91,268,1968,1221
218,40,68,200,2327,1289
51,91,200,200,1289,1768
144,77,68,68,2327,1700
15,165,267,91,584,1968
5,41,269,90,2327,1610
12,1,268,268,2059,2059
82,120,90,90,494,1131
79,224,202,68,2596,1221
3,22,267,90,584,1131
63,100,199,68,652,1700
1,94,200,200,1289,1289
1,10,268,90,1700,1131
5,86,201,200,2395,1768
18,18,120,120,1011,1011
133,108,160,160,214,851
163,188,90,90,1131,1131
21,201,268,90,1221,1610
3,127,268,90,2059,1610
18,24,267,90,584,1610
1,0,267,268,584,2059
13,4,269,268,2327,2059
156,49,68,68,584,1700
141,3,90,268,1610,1221
118,70,68,68,2059,1700
163,139,90,91,494,1968
26,36,202,200,2596,1768
205,23,68,200,584,1289
162,187,91,90,1968,1610
126,39,90,90,494,1610
78,91,68,200,2059,1768
66,19,121,121,1489,1489
12,22,268,268,1700,2059
17,206,68,68,1700,1221
95,83,199,200,652,1768
89,142,120,121,374,1489
71,67,200,200,2127,1289
43,202,90,90,1610,1610
62,4,91,268,1968,1700
34,4,68,200,1700,1768
2,35,68,200,1221,1768
69,14,200,68,1768,1700
88,13,202,200,2596,1289
88,120,68,68,1700,1700
72,22,90,268,1610,1700
207,30,68,200,2327,1768
9,150,268,91,1700,1968
47,129,200,68,2127,1221
166,22,90,268,494,1221
7,42,269,90,2327,1131
221,114,68,68,1221,1700
28,70,202,68,2596,1700
34,142,68,68,2327,1221
63,11,90,268,1131,1700
14,124,268,90,1221,1131
9,125,91,91,1968,1968
62,58,214,214,0,0
52,2,120,120,374,1011
4,73,199,200,652,1289
195,54,68,200,584,1768
59,196,200,68,1289,1700
153,40,68,200,1221,1289
7,115,199,68,652,1221
57,22,90,268,494,2059
13,23,200,68,1289,1221
25,97,269,91,2327,1968
172,52,68,68,584,1221
129,20,90,268,494,1700
83,91,200,68,1768,1221
203,15,90,268,1610,2059
77,89,120,121,1011,1489
94,93,200,200,1768,1289
71,79,201,200,2395,1289
182,12,68,200,2059,1289
16,207,201,68,2395,1221
20,81,200,200,2127,1768
117,62,68,200,1700,1289
179,124,90,90,1131,1610
19,144,200,68,2127,1700
77,125,201,68,2395,1700
14,190,90,91,1610,1968
5,188,200,68,2127,1221
39,166,202,68,2596,1221
5,142,269,90,2327,1610
172,60,90,90,1131,1610
2,50,269,91,2327,1968
106,13,160,160,54,851
98,85,90,90,494,1131
26,39,268,90,2059,1610
155,10,90,268,1131,1700
20,97,267,90,584,1610
64,148,200,68,1289,1221
89,47,200,200,1768,1289
23,6,200,200,1289,1289
120,10,91,268,1968,1700
31,94,201,68,2395,1700
57,130,68,68,584,1221
16,5,269,268,2327,2059
9,192,267,91,584,1968
35,121,121,121,1489,1489
205,127,68,68,2327,1221
5,201,268,90,1700,1610
21,34,91,90,1968,1131
14,85,268,90,2059,1131
6,82,267,90,584,1131
95,90,68,68,1700,1700
69,70,90,91,494,1968
115,58,90,90,1610,1131
5,45,68,200,2327,1289
42,163,90,90,1610,1610
46,18,90,268,1610,1700
61,67,200,200,2127,1768
4,11,267,268,584,2059
44,21,90,268,1131,1221
8,77,269,90,2327,1131
10,163,199,68,652,1221
117,21,68,200,2059,1768
2,65,199,200,652,1768
11,90,160,160,851,851
33,61,68,200,1700,1768
235,91,54,160,0,851
14,84,200,200,1768,1768
145,63,120,120,374,1011
45,3,90,268,494,1700
46,133,200,68,1768,1221
6,49,268,90,1221,1610
38,19,68,200,584,1289
8,107,120,120,1011,1011
141,20,90,268,1610,1221
81,3,91,268,1968,1221
72,78,68,200,1221,1768
63,143,200,68,2127,1700
4,21,268,268,1700,2059
28,65,91,91,1968,1968
134,32,160,160,214,851
137,87,90,90,1131,1131
21,18,199,68,652,1700
116,212,68,68,1221,1700
8,17,199,200,652,1289
10,197,201,68,2395,1221
150,177,68,68,2059,1700
138,33,68,200,584,1768
148,26,90,268,494,2059
10,94,202,200,2596,1289
78,99,91,90,1968,1610
45,27,68,200,2327,1768
10,91,268,91,2059,1968
210,87,68,200,1221,1289
80,92,201,200,2395,1768
75,40,214,214,0,0
5,56,68,68,1700,1221
12,207,68,68,2059,1221
187,196,90,90,494,1610
173,146,68,68,2327,1700
15,164,268,90,1700,1131
51,201,200,68,1768,1700
10,7,268,268,2059,2059
28,224,68,68,584,1700
173,86,68,200,1700,1289
50,14,202,68,2596,1700
104,19,91,268,1968,2059
45,54,202,200,2596,1768
59,60,200,68,1289,1700
154,182,90,91,1610,1968
154,24,120,121,1011,1489
51,9,90,268,494,1221
24,33,121,120,1489,1011
224,47,68,200,2059,1289
130,13,120,121,374,1489
55,76,200,200,2127,1289
81,84,68,68,1221,1221
22,185,268,91,1700,1968
30,12,201,200,2395,1289
72,38,200,200,1289,1768
147,18,90,268,1610,2059
1,180,268,90,1221,1131
175,19,90,268,1610,1221
22,52,269,90,2327,1610
17,16,268,90,1221,1131
85,132,151,51,2647,1289
51,24,90,268,1610,1700
73,144,148,51,703,1289
144,34,51,149,2596,1340
12,179,268,90,1221,1610
141,44,51,51,1289,1768
61,54,121,121,1489,1489
26,150,268,91,1700,1968
61,4,120,120,1011,1011
90,16,90,268,1131,1221
71,82,149,51,1340,1768
10,111,149,149,1340,1819
68,203,51,51,2127,1768
57,142,91,91,1968,1968
79,28,148,51,703,1768
84,65,68,200,1700,1768
4,209,151,51,2798,1289
172,39,68,68,2327,1700
7,14,90,268,1610,2059
39,117,120,120,374,1011
91,44,68,200,584,1289
2,61,150,149,2446,1340
89,27,68,68,584,1221
7,180,267,90,584,1131
95,75,149,51,1819,1289
58,13,90,268,1131,1700
125,101,149,51,1340,1289
26,34,268,90,2059,1610
214,42,68,200,1221,1289
73,14,149,51,2178,1289
10,6,68,200,1221,1768
41,44,149,149,2178,1819
51,144,202,68,2596,1221
198,63,90,90,494,1131
48,133,51,149,2127,1819
162,85,90,90,1610,1610
23,58,214,214,0,0
13,71,267,91,584,1968
115,16,160,160,214,851
14,39,267,90,584,1610
221,31,51,51,652,1768
171,145,51,51,1768,1289
21,11,68,200,2059,1768
7,43,269,91,2327,1968
106,30,151,149,2798,1340
26,77,268,90,1700,1610
2,23,268,268,1700,2059
215,127,51,149,652,1340
23,98,121,120,1489,1011
20,33,149,149,1819,1819
1,128,51,51,2395,1768
147,112,68,68,584,1700
2,218,200,68,1768,1221
212,54,51,149,1768,1340
36,17,160,160,54,851
13,110,200,68,1289,1700
198,17,91,268,1968,2059
61,127,148,149,703,1819
65,50,51,51,2596,1768
14,28,90,90,1131,1131
6,0,269,268,2327,2059
66,50,91,90,1968,1131
1,111,151,51,2798,1768
176,96,68,68,2059,1221
39,111,68,68,1221,1700
6,97,149,149,1340,1340
141,122,68,68,2327,1221
206,17,51,149,2596,1819
32,20,91,268,1968,1221
151,133,51,51,2395,1289
6,213,51,51,2127,1289
78,235,150,51,2446,1289
64,126,149,51,1819,1768
3,118,202,68,2596,1700
133,196,91,90,1968,1610
134,18,51,149,652,1819
25,14,90,268,494,1221
26,87,120,121,374,1489
12,169,269,90,2327,1131
44,17,160,160,851,851
101,19,68,200,1700,1289
81,16,200,68,1768,1700
231,232,51,51,652,1289
17,25,68,200,584,1768
9,133,149,149,1819,1340
45,51,51,51,1768,1768
115,160,68,68,1221,1221
58,22,150,149,2446,1819
14,61,149,149,2178,1340
42,29,151,149,2798,1819
84,171,199,68,652,1700
13,18,267,268,584,2059
83,83,51,149,2395,1340
76,117,151,149,2647,1340
23,109,201,68,2395,1700
125,138,51,149,2395,1819
24,188,268,91,2059,1968
84,92,199,68,652,1221
87,199,200,68,1289,1221
40,121,90,90,1610,1131
43,1,200,68,2127,1221
150,62,68,200,2327,1289
51,100,200,68,2127,1700
88,165,151,51,2647,1768
3,6,268,268,2059,2059
117,13,150,51,2446,1768
142,37,90,91,1610,1968
147,17,90,268,494,1700
83,0,90,268,494,2059
165,152,68,68,2059,1700
100,26,91,268,1968,1700
143,49,90,90,494,1610
59,70,68,68,1700,1700
3,27,151,149,2647,1819
39,181,90,91,494,1968
144,14,51,51,1289,1289
123,64,51,149,1289,1340
208,4,68,200,2059,1289
162,85,51,149,2127,1340
99,139,68,68,1700,1221
3,61,268,90,1700,1131
146,122,148,149,703,1340
96,204,149,51,2178,1768
118,122,54,160,0,851
139,198,51,51,2596,1289
121,25,51,149,1768,1819
19,25,68,200,2327,1768
9,92,120,121,1011,1489
207,140,51,149,1289,1819
186,39,90,90,1131,1610
27,89,268,90,2059,1131
18,171,201,68,2395,1221
6,23,90,268,494,2059
2,225,68,68,1700,1221
6,5,150,51,2446,1289
28,72,51,149,1768,1819
119,36,148,149,703,1340
67,127,151,149,2647,1340
133,59,68,200,2327,1289
186,78,51,149,2395,1819
198,12,91,268,1968,2059
187,108,51,51,652,1289
119,80,120,121,374,1489
4,36,267,91,584,1968
29,104,200,68,2127,1221
10,106,151,149,2647,1819
144,7,148,51,703,1768
47,12,90,268,1610,1221
180,195,90,90,494,1131
12,102,51,51,2395,1289
223,179,51,51,1289,1768
72,137,120,120,1011,1011
23,29,268,91,1700,1968
148,37,68,200,1700,1768
13,5,269,268,2327,2059
7,119,51,51,652,1768
15,193,91,90,1968,1131
114,108,51,51,2596,1768
117,97,51,149,2395,1340
227,131,51,149,1289,1819
237,22,51,51,2127,1768
10,132,200,68,1289,1700
169,0,68,200,2059,1768
71,12,51,149,2596,1819
42,183,51,51,2127,1289
184,226,68,68,2327,1221
52,54,200,68,1768,1700
24,16,267,268,584,2059
18,76,269,90,2327,1131
150,92,51,149,2596,1340
79,184,199,68,652,1221
154,82,68,68,2059,1700
16,25,268,268,1700,2059
2,113,267,90,584,1131
231,149,51,51,1768,1768
109,172,68,68,584,1700
19,36,68,200,584,1768
0,28,149,149,2178,1340
12,242,51,51,1289,1289
19,59,151,51,2647,1289
8,67,202,68,2596,1700
6,39,269,91,2327,1968
14,24,268,90,2059,1131
131,102,150,51,2446,1768
114,96,51,149,1289,1340
13,20,68,200,1700,1289
103,96,151,51,2798,1289
14,19,214,214,0,0
119,145,149,149,1819,1340
194,170,91,91,1968,1968
72,161,200,68,1289,1221
30,176,151,51,2647,1768
152,16,91,268,1968,1221
114,13,90,268,1131,1700
92,171,149,51,2178,1768
3,36,54,160,0,851
179,14,90,268,1131,1221
191,5,68,200,2059,1289
26,2,268,268,2059,2059
75,180,148,51,703,1289
31,120,200,68,1768,1221
6,9,51,51,1768,1289
182,9,51,149,652,1340
19,4,90,268,494,1700
111,243,149,51,1819,1768
8,145,268,90,1221,1131
96,140,150,149,2446,1340
121,35,68,200,2327,1768
9,171,90,91,494,1968
206,52,51,51,2395,1768
87,26,201,68,2395,1221
85,169,91,90,1968,1610
27,95,268,91,2059,1968
73,24,90,268,1610,1700
28,102,149,51,2178,1289
127,50,149,149,1340,1819
11,22,91,268,1968,1700
1,77,160,160,54,851
128,11,149,51,1340,1289
55,166,90,90,494,1610
142,48,149,149,1819,1819
10,36,148,149,703,1819
25,37,151,149,2798,1340
61,71,68,68,2327,1700
182,11,90,268,1610,2059
142,24,90,268,494,1221
81,33,90,90,1131,1131
51,131,200,68,2127,1700
22,173,268,90,2059,1610
60,34,202,68,2596,1221
199,128,51,51,2596,1289
89,147,68,68,1700,1700
62,193,90,91,1610,1968
96,87,68,200,1221,1289
88,122,121,120,1489,1011
124,33,51,149,2127,1340
19,194,268,90,1221,1610
226,85,68,68,1221,1221
130,19,149,51,1819,1289
21,93,268,90,1700,1131
87,185,68,68,1221,1700
58,140,51,149,652,1819
222,37,51,149,2127,1819
52,0,90,90,1131,1610
65,170,149,51,1340,1768
174,25,120,120,374,1011
14,31,267,90,584,1610
12,47,68,68,584,1221
3,88,268,90,1700,1610
14,15,51,149,1768,1340
93,125,121,121,1489,1489
85,99,160,160,851,851
19,93,149,149,2178,1819
56,72,68,200,584,1289
127,78,68,68,2059,1221
69,73,149,149,1340,1340
200,129,90,90,1610,1131
131,58,150,149,2446,1819
40,105,199,68,652,1700
14,16,201,68,2395,1700
87,58,68,200,1221,1768
7,170,90,90,1610,1610
23,105,269,90,2327,1610
19,47,151,51,2798,1768
88,133,151,149,2798,1819
163,59,120,121,1011,1489
49,23,160,160,214,851
158,185,90,90,494,1131
153,57,38,111,703,1857
151,22,90,268,1131,1221
30,100,200,68,1768,1221
109,40,114,111,2949,1378
20,78,269,90,2327,1131
205,198,38,38,2446,1819
6,91,160,160,54,851
10,17,202,68,2596,1221
240,23,38,111,2446,1857
171,112,110,111,741,1857
95,4,90,268,1610,1700
120,103,110,111,741,1378
14,129,268,90,1700,1610
63,110,51,51,2395,1768
10,40,68,200,584,1768
49,106,39,111,2798,1378
138,82,91,90,1968,1610
39,53,38,38,2178,1819
105,95,111,111,2216,1857
18,21,214,214,0,0
194,134,38,38,703,1819
74,58,51,51,1289,1289
146,75,111,111,1378,1378
34,66,111,111,2216,1378
215,159,51,51,2596,1289
189,41,51,51,2596,1768
41,50,112,111,2686,1857
115,7,114,38,2949,1819
178,107,38,111,2446,1378
80,7,151,51,2798,1289
122,31,151,51,2647,1768
20,134,120,120,374,1011
60,0,199,68,652,1700
25,14,267,268,584,2059
39,168,200,68,2127,1221
53,17,38,38,1340,1819
202,53,68,200,584,1289
15,10,90,268,494,1700
61,154,68,68,584,1700
82,14,90,268,494,1221
146,23,112,38,2686,1819
90,19,91,268,1968,1221
168,50,114,38,2949,1340
40,166,200,68,1768,1700
41,82,41,120,54,1011
11,98,269,90,2327,1610
34,127,39,38,2647,1819
200,24,68,200,2059,1768
114,135,112,38,2484,1819
159,23,41,120,214,1011
43,65,68,68,2327,1221
47,36,90,90,1610,1610
14,132,269,91,2327,1968
163,208,51,51,1768,1289
229,159,38,38,1819,1340
55,216,151,51,2647,1289
68,131,199,68,652,1221
157,10,68,200,1221,1289
24,224,38,38,2446,1340
86,19,39,111,2647,1378
155,141,119,121,892,1489
99,3,38,111,2178,1857
43,57,111,111,1857,1857
25,175,267,90,584,1610
225,83,51,149,1289,1340
58,103,149,51,1340,1768
137,123,51,51,652,1768
162,118,111,38,1378,1819
1,171,91,90,1968,1131
91,89,200,68,2127,1700
13,20,268,90,1221,1131
41,36,51,149,1289,1819
100,77,68,68,2327,1700
17,141,120,121,1011,1489
168,63,51,149,652,1819
95,51,119,120,892,1011
248,79,38,38,1340,1340
212,102,68,68,1221,1700
100,27,111,111,1378,1857
1,69,149,51,2178,1768
110,19,68,68,1221,1221
21,19,90,90,1610,1131
42,108,112,38,2686,1340
44,66,68,68,1700,1700
43,139,119,120,95,1011
39,121,160,160,851,851
6,22,51,149,1768,1819
121,92,119,121,255,1489
139,164,120,121,374,1489
62,94,149,51,1340,1289
0,83,51,149,2127,1340
223,116,54,160,0,851
56,51,68,200,2327,1289
49,111,38,111,1819,1857
36,181,202,68,2596,1700
176,32,112,111,2484,1378
111,207,110,38,741,1340
11,187,38,38,1819,1819
23,62,268,90,1221,1610
75,212,51,51,1289,1768
212,38,68,68,584,1221
0,133,268,90,1700,1131
116,17,90,268,1610,1221
11,5,68,200,1700,1289
6,131,268,91,1700,1968
15,12,269,268,2327,2059
48,187,200,68,1289,1221
112,8,90,268,494,2059
101,132,112,38,2837,1819
23,21,268,268,1700,2059
182,38,39,38,2798,1340
183,77,91,91,1968,1968
111,4,90,268,1131,1700
21,187,268,90,2059,1610
84,102,119,121,95,1489
42,174,90,91,494,1968
63,180,150,51,2446,1768
140,0,51,149,2395,1819
13,32,160,160,214,851
36,112,148,51,703,1289
80,117,39,111,2798,1857
116,79,38,111,1819,1378
108,111,38,38,2178,1340
219,69,68,200,1700,1768
34,28,68,200,2327,1768
134,41,114,111,2949,1857
14,133,111,38,1857,1819
63,145,38,38,703,1340
121,121,112,38,2837,1340
220,161,39,111,2647,1857
25,28,268,90,2059,1131
10,136,68,68,2059,1700
0,5,268,91,2059,1968
60,164,201,68,2395,1700
22,14,268,268,2059,2059
136,170,111,38,1857,1340
74,42,111,111,1857,1378
30,143,90,90,1131,1610
22,98,51,149,2596,1819
2,233,111,38,2216,1819
21,134,267,91,584,1968
5,213,201,68,2395,1221
235,13,51,149,2127,1819
98,81,151,51,2798,1768
150,162,90,91,1610,1968
1,188,267,90,584,1131
183,192,110,38,741,1819
188,130,39,38,2798,1819
115,150,38,111,703,1378
120,36,41,121,214,1489
97,166,90,90,494,1610
119,231,149,51,2178,1289
36,86,38,111,2178,1378
1,207,51,51,1768,1768
106,14,41,120,851,1011
48,115,111,38,1378,1340
113,7,38,111,1340,1857
180,42,68,68,2059,1221
202,170,41,121,851,1489
41,188,200,68,1289,1700
174,23,90,268,1610,2059
65,158,120,120,1011,1011
79,44,68,200,1221,1768
67,169,121,120,1489,1011
76,159,51,51,2127,1289
155,142,112,38,2484,1340
10,23,149,51,1819,1768
120,172,38,111,1340,1378
100,160,149,51,1819,1289
144,25,112,111,2837,1378
40,41,51,51,2127,1768
172,14,91,268,1968,2059
116,156,39,38,2647,1340
177,42,112,111,2484,1857
93,48,51,149,2395,1340
109,179,148,51,703,1768
11,79,68,200,2059,1289
165,24,111,38,2216,1340
51,20,150,51,2446,1289
154,107,112,111,2837,1857
169,48,119,120,255,1011
40,110,112,111,2686,1378
182,137,90,90,1131,1131
240,165,41,121,54,1489
74,79,121,121,1489,1489
50,51,51,149,652,1340
25,12,68,68,1700,1221
209,118,51,149,1768,1340
58,94,51,51,2395,1289
72,23,51,149,2596,1340
60,242,51,51,652,1289
136,15,91,268,1968,1700
85,72,160,160,54,851
23,4,268,90,1221,1520
0,2,29,82,1378,1886
14,18,91,268,1968,1221
97,75,91,31,1968,1489
16,86,51,149,652,1340
32,247,111,38,1378,1340
83,144,149,51,1340,1768
34,72,88,90,126,1131
198,36,28,82,741,1886
8,84,119,120,892,1011
180,19,88,268,923,2059
240,1,31,90,1489,1610
96,150,149,51,1819,1768
15,53,29,29,2216,1857
123,60,119,121,95,1489
192,96,68,68,584,1700
14,5,38,38,2446,1340
154,83,39,111,2647,1378
7,58,269,31,2327,1489
234,19,31,268,255,1221
172,1,88,268,126,1700
6,49,88,91,286,1968
30,110,51,149,1768,1340
171,121,83,82,2513,1886
103,188,85,29,3063,1857
146,22,88,268,126,2059
57,5,110,38,741,1819
113,1,31,91,95,1968
39,163,112,38,2686,1340
205,204,29,82,2837,1407
104,65,88,91,923,1968
218,44,29,29,2949,1857
151,38,38,38,1340,1340
58,0,29,29,2949,1378
5,114,268,31,2059,1489
149,208,82,82,769,1407
163,19,31,268,95,2059
177,18,88,268,286,2059
83,36,151,51,2647,1289
11,58,89,90,1042,1610
187,0,39,38,2647,1819
27,67,268,91,1700,1968
38,152,31,31,255,1489
129,41,148,51,703,1768
197,52,51,149,652,1819
9,74,51,51,2127,1289
46,42,149,51,2178,1768
27,235,38,38,2178,1819
200,3,90,268,1131,1221
114,7,90,268,1610,1221
75,183,200,68,2127,1221
124,20,83,82,2715,1407
186,237,38,38,2446,1819
43,135,119,120,255,1011
116,48,68,200,584,1768
181,41,82,82,1407,1407
83,105,39,38,2647,1340
69,177,38,111,1340,1378
80,188,89,90,405,1131
236,110,31,90,255,1520
134,6,90,268,1610,2059
167,187,31,91,374,1968
39,90,83,82,2513,1407
97,128,68,68,1221,1700
22,119,200,68,1768,1700
16,236,82,29,1886,1857
25,172,91,91,1968,1968
200,0,31,268,95,1221
20,72,68,68,584,1221
37,9,199,68,652,1221
156,8,31,268,374,2059
36,110,85,29,2978,1378
146,225,83,29,2866,1857
36,8,31,268,374,1700
200,74,29,82,1857,1407
71,41,68,200,2327,1289
45,128,39,38,2798,1819
199,3,89,268,405,1700
22,247,268,31,1221,1489
196,73,85,82,2978,1886
22,86,252,82,3148,1886
26,18,268,90,1221,1131
140,34,68,200,1700,1289
195,146,82,29,1886,1378
44,107,111,38,2216,1340
209,173,29,82,1857,1886
72,21,89,268,405,1221
69,60,28,82,741,1407
92,148,88,90,126,1610
114,174,68,68,2059,1221
143,33,29,82,2949,1407
65,200,85,29,3063,1378
201,162,38,38,1340,1819
182,139,82,82,1886,1886
136,7,120,121,1011,1489
120,26,29,29,1378,1857
44,0,29,82,2686,1886
135,8,31,268,95,1700
147,53,88,90,286,1520
87,157,68,68,1221,1221
5,195,268,90,1700,1520
242,23,29,29,2216,1378
210,185,83,29,2715,1378
24,22,268,268,1700,2059
33,224,150,51,2446,1289
99,255,29,29,2484,1857
51,134,151,51,2647,1768
121,66,41,120,851,1011
254,235,29,29,2686,1378
28,14,89,268,1042,2059
134,142,51,149,1768,1819
175,46,51,51,2127,1768
224,144,38,111,2446,1857
1,77,268,90,2059,1131
28,112,252,82,3148,1407
214,66,68,68,2327,1700
163,81,112,38,2686,1819
255,11,31,268,1489,2059
45,88,88,90,286,1131
210,163,41,121,214,1489
152,219,89,31,405,1489
89,183,90,31,1610,1489
52,36,214,214,0,0
74,11,28,29,741,1378
195,188,90,90,494,1610
37,240,38,38,703,1819
241,36,51,149,1289,1340
182,38,90,90,1131,1610
31,12,90,268,1131,1700
6,45,268,90,2059,1610
125,10,29,29,2837,1857
121,24,31,268,255,1700
38,138,85,82,3063,1407
0,62,111,38,1857,1819
212,172,82,82,2245,1886
86,9,200,68,1289,1221
132,199,149,51,1340,1289
175,91,82,82,1407,1886
13,107,269,91,2327,1968
25,26,160,160,214,851
25,124,31,90,1011,1131
221,43,29,82,2686,1407
53,28,51,51,652,1768
84,50,68,68,2327,1221
163,106,112,38,2837,1340
74,186,91,90,1968,1520
100,14,90,268,494,1700
213,12,31,268,374,1221
55,0,90,31,494,1489
129,181,83,29,2866,1378
119,97,38,111,2178,1857
155,59,114,38,2949,1819
7,28,31,90,95,1610
96,115,90,90,1131,1520
11,246,252,29,3148,1857
62,17,91,268,1968,2059
56,180,148,51,703,1289
239,106,51,149,2127,1340
201,26,31,268,892,1700
52,31,51,51,2596,1768
114,23,110,38,741,1340
217,120,41,121,54,1489
15,151,267,90,584,1610
72,257,83,29,2513,1378
226,149,31,91,1489,1968
104,150,31,90,374,1131
142,48,88,90,286,1610
6,5,31,268,892,2059
16,138,269,90,2327,1610
82,0,90,268,1520,2059
252,142,29,29,1857,1378
161,46,90,31,1131,1489
189,106,51,51,1289,1768
247,22,31,90,95,1131
187,80,51,149,1289,1819
17,59,31,91,892,1968
4,33,202,68,2596,1700
58,10,51,149,2596,1819
75,167,83,29,2715,1857
22,22,269,268,2327,2059
192,40,41,120,214,1011
140,157,120,120,1011,1011
56,1,90,268,494,2059
23,44,31,90,1011,1610
2,19,268,268,2059,2059
157,22,31,268,1011,1221
24,22,268,90,1700,1131
43,77,51,149,2395,1340
50,80,29,29,2837,1378
22,149,38,38,2178,1340
105,26,31,268,1011,1700
21,169,68,68,1700,1700
78,5,91,90,1968,1610
21,13,200,68,2127,1700
168,11,54,160,0,851
108,152,120,120,374,1011
6,59,151,51,2798,1289
92,4,90,90,1520,1610
39,24,90,268,1520,1700
184,135,29,82,1378,1407
164,33,83,82,2866,1407
172,165,90,90,1610,1520
150,13,28,29,741,1857
5,180,268,90,2059,1520
164,78,68,200,2327,1768
82,241,82,29,2245,1378
54,86,85,82,2978,1407
75,128,119,121,892,1489
218,198,51,51,1768,1768
174,154,83,29,2513,1857
161,81,39,111,2798,1857
144,41,89,90,405,1520
148,104,41,121,851,1489
205,32,51,51,652,1289
36,183,31,90,255,1610
125,30,51,51,1289,1289
101,114,82,82,2245,1407
211,105,51,149,2127,1819
135,82,83,82,2866,1886
140,161,119,120,95,1011
252,113,29,29,1378,1378
37,70,150,51,2446,1768
228,44,38,111,703,1378
204,27,31,90,374,1610
30,50,68,68,2059,1700
242,236,51,51,2395,1768
163,22,90,91,1520,1968
146,96,90,90,494,1520
41,101,89,91,405,1968
182,106,38,111,1819,1378
140,146,31,90,892,1610
131,138,51,149,2395,1819
228,195,31,90,255,1131
44,14,90,268,494,1221
14,146,51,51,1768,1289
49,51,151,51,2798,1768
5,159,88,91,126,1968
83,29,31,31,374,1489
37,119,89,90,1042,1131
46,5,82,82,1886,1407
172,152,29,82,2484,1407
134,6,88,268,126,1221
89,111,39,38,2798,1340
64,92,200,68,1289,1700
1,190,267,91,584,1968
167,251,82,29,1407,1378
88,2,111,38,1857,1340
7,198,268,31,1700,1489
70,198,90,90,1610,1610
110,177,90,91,1610,1968
174,9,89,268,1042,1221
47,167,121,120,1489,1011
14,119,200,68,1768,1221
19,72,269,90,2327,1131
245,262,29,29,2686,1857
82,79,51,149,2596,1340
13,71,268,90,1221,1610
122,94,68,200,1221,1768
119,8,31,268,1011,2059
26,251,267,31,584,1489
129,136,89,90,405,1610
166,92,90,90,1131,1131
78,136,114,38,2949,1340
143,5,88,268,923,1700
113,134,29,82,2216,1886
60,56,112,38,2484,1340
33,121,202,68,2596,1221
69,48,38,111,1819,1857
1,149,82,29,2245,1857
193,26,89,268,405,2059
136,136,112,38,2484,1819
177,81,39,111,2647,1857
156,39,31,90,374,1520
43,38,68,68,1700,1221
119,182,38,38,1819,1340
265,157,29,29,1857,1857
94,97,82,82,769,1886
24,19,267,268,584,2059
110,19,89,268,1042,1700
82,44,149,51,1819,1289
171,16,88,90,923,1610
118,29,89,91,1042,1968
18,184,269,90,2327,1520
15,24,199,68,652,1700
113,103,31,91,255,1968
118,106,29,82,2216,1407
182,82,31,91,1011,1968
73,220,85,29,2978,1857
128,28,41,120,54,1011
77,13,88,268,286,1221
82,2,31,268,255,2059
91,97,91,90,1968,1131
149,6,31,268,1489,1700
224,79,68,200,2059,1768
123,237,111,38,2216,1819
69,51,38,38,703,1340
22,91,267,90,584,1520
142,141,38,111,2446,1378
212,235,51,51,2596,1289
204,118,38,111,1340,1857
52,93,38,38,1819,1819
165,127,83,82,2715,1886
58,70,68,200,584,1289
121,84,82,29,769,1378
220,15,39,111,2798,1378
9,240,252,29,3148,1378
188,80,90,90,494,1131
75,23,90,268,1610,1700
253,151,29,82,2484,1886
37,181,112,38,2837,1819
50,101,85,82,3063,1886
170,14,88,268,286,1700
30,164,149,51,2178,1289
98,105,111,38,1378,1819
260,116,29,82,2837,1886
22,0,88,31,286,1489
129,109,38,111,703,1857
183,238,82,29,769,1857
7,20,68,200,1221,1289
49,19,68,200,2059,1289
174,148,82,29,1407,1857
172,87,121,121,1489,1489
13,6,268,90,1700,1610
0,98,268,91,2059,1968
23,80,267,90,584,1131
53,111,201,68,2395,1221
204,187,29,29,2484,1378
153,38,68,200,1700,1768
31,35,160,160,851,851
77,183,29,82,2949,1886
156,61,90,90,1610,1131
78,138,38,111,2178,1378
217,57,51,51,2395,1289
61,3,91,268,1968,1700
52,13,201,68,2395,1700
138,9,90,91,494,1968
4,5,68,68,584,1221
255,88,23,200,126,1768
21,24,31,268,255,1700
153,145,28,29,741,1857
111,101,61,61,790,1907
146,5,68,200,1700,1289
173,226,61,61,1907,1428
28,166,51,51,1768,1768
9,234,201,24,2395,1968
106,99,24,67,1968,1543
32,151,200,67,2127,1992
223,70,67,200,517,1289
158,39,29,29,1857,1378
241,131,51,149,2395,1340
15,237,38,38,1340,1819
170,192,112,38,2686,1819
8,24,51,149,652,1340
124,241,65,23,309,1520
10,3,267,268,584,2059
51,73,66,200,1065,1289
87,8,68,200,2327,1289
65,232,51,51,2596,1768
51,74,23,67,494,1633
86,25,31,268,255,2059
64,139,51,51,2596,1289
53,53,29,82,2837,1407
82,174,188,21,3212,1407
246,94,31,91,1011,1968
192,206,68,67,1700,1633
251,57,23,200,1042,1289
141,175,64,61,3148,1428
30,75,200,23,1289,1520
42,226,200,67,1289,1633
138,147,31,90,1489,1610
166,153,68,23,2059,1520
60,204,112,38,2484,1819
162,218,22,21,2715,1886
77,144,61,21,2535,1407
147,173,22,21,2715,1407
113,84,67,67,1154,1633
117,26,29,29,1857,1857
73,39,38,38,2178,1819
193,40,38,111,2446,1857
204,94,61,21,2888,1886
215,77,66,67,428,1992
193,155,29,82,2216,1407
87,144,22,21,2513,1407
69,183,61,21,2888,1407
76,180,23,24,923,1968
14,160,67,67,1992,1543
211,35,61,21,790,1886
206,152,23,67,405,1992
156,10,24,200,1968,1289
133,50,149,51,2178,1289
18,245,268,31,2059,1489
69,197,68,67,2327,1633
78,4,68,200,2327,1768
30,205,82,29,2245,1378
87,21,151,51,2647,1289
22,153,200,68,1289,1700
94,150,83,29,2715,1857
136,222,38,38,703,1340
238,8,23,200,405,1768
166,79,88,91,286,1968
154,73,63,21,3000,1407
170,73,68,68,1221,1700
4,101,202,67,2596,1543
214,63,39,111,2647,1857
180,190,28,29,741,1378
57,156,38,38,703,1819
119,18,68,68,2059,1221
8,169,150,51,2446,1289
36,96,88,90,923,1610
22,248,68,23,1700,1610
114,155,111,38,2216,1819
61,70,67,67,517,1633
99,212,68,67,584,1992
184,23,90,268,1610,1221
207,213,65,68,946,1700
200,237,61,21,1907,1886
239,73,29,82,2837,1886
259,11,23,200,126,1289
216,45,23,200,494,1768
37,117,200,23,1289,1610
163,195,68,67,2327,1992
136,32,120,120,374,1011
73,55,82,29,769,1378
101,51,119,121,95,1489
92,12,31,91,95,1968
255,192,23,23,405,1610
40,137,61,21,1907,1407
33,177,91,90,1968,1131
121,177,29,29,2216,1378
236,87,29,82,2949,1407
248,15,23,200,1042,1768
1,165,200,23,2127,1610
14,46,21,61,769,1428
23,10,23,67,494,1992
182,133,51,149,1289,1340
142,180,38,38,2178,1340
193,142,68,23,1221,1520
132,155,149,51,1340,1768
152,106,21,61,1407,1907
33,55,121,121,1489,1489
51,95,67,68,1992,1700
216,74,68,67,2059,1992
151,141,82,29,769,1857
60,225,200,67,1289,1543
214,209,68,67,2059,1543
189,24,61,61,2535,1907
86,49,41,120,214,1011
147,54,23,67,405,1633
67,21,21,61,769,1907
60,31,200,68,1289,1221
231,61,38,111,2178,1378
74,18,38,38,1819,1819
71,6,200,67,2127,1543
228,80,61,61,2888,1907
59,170,200,24,2127,1968
15,127,61,21,790,1407
24,143,151,51,2798,1289
132,39,66,200,1065,1768
215,127,24,23,1968,1610
45,2,31,268,255,1221
85,247,90,31,494,1489
198,62,61,21,2266,1407
186,39,61,61,2266,1428
203,205,67,68,1633,1700
28,16,61,61,1907,1907
140,87,68,67,1700,1992
73,205,61,61,2535,1428
80,107,51,149,2596,1340
226,4,63,61,3000,1428
134,0,120,121,1011,1489
79,10,31,268,1011,2059
217,96,61,21,2737,1886
122,63,38,111,703,1378
154,162,31,90,255,1610
196,132,23,68,494,1700
52,145,199,67,652,1992
163,132,67,68,1543,1700
45,108,200,23,1768,1610
4,154,269,31,2327,1489
108,215,23,67,1610,1992
58,35,68,200,1221,1768
49,154,23,67,923,1992
246,6,31,90,95,1131
92,22,66,200,428,1289
89,93,23,67,286,1633
49,150,66,23,428,1610
138,125,111,38,2216,1340
177,182,29,82,2216,1886
2,25,269,268,2327,2059
166,162,119,120,95,1011
214,120,66,67,428,1633
160,118,112,38,2686,1340
141,262,29,29,2949,1378
82,1,65,200,946,1768
4,56,66,67,1065,1992
132,111,67,67,1543,1992
101,7,90,268,1610,2059
103,9,160,160,214,851
120,39,65,23,149,1610
171,30,23,68,126,1700
210,64,23,67,126,1992
83,213,23,23,286,1520
61,60,23,23,286,1610
51,47,66,68,428,1700
116,10,38,111,2446,1378
118,180,39,38,2647,1340
68,172,82,29,1407,1857
13,52,201,23,2395,1520
101,33,29,82,2686,1886
81,91,202,24,2596,1968
12,122,41,121,54,1489
156,1,67,200,517,1768
101,200,29,29,1378,1378
209,167,29,29,2686,1378
13,207,252,29,3148,1378
265,189,23,68,923,1700
266,212,23,67,1042,1992
237,163,23,68,1520,1700
71,116,202,67,2596,1633
185,45,29,29,2837,1857
8,220,199,23,652,1520
166,161,21,21,1886,1407
150,108,24,68,1968,1221
144,219,23,23,1131,1610
189,100,90,90,1610,1610
28,219,202,23,2596,1610
61,26,91,268,1968,2059
11,173,31,90,374,1131
181,218,61,61,2737,1428
178,117,22,61,3063,1428
46,21,89,90,1042,1610
125,12,68,200,1700,1768
111,214,149,51,1819,1768
133,137,85,29,3063,1857
137,86,51,51,652,1289
67,41,67,68,1154,1221
156,243,112,38,2484,1340
158,126,38,111,1340,1857
186,202,67,23,1992,1610
157,54,29,29,2686,1857
158,175,112,38,2837,1819
31,11,88,268,126,2059
74,86,120,120,1011,1011
10,205,149,51,1340,1289
151,16,67,200,1992,1289
161,168,51,51,2127,1289
200,232,51,51,2395,1289
51,15,23,200,1610,1768
82,167,82,29,1886,1857
17,89,65,200,149,1289
86,0,31,268,374,1221
89,176,199,67,652,1543
155,134,67,68,517,1700
236,94,21,61,2245,1428
65,172,202,68,2596,1221
104,227,67,23,1992,1520
239,98,23,68,494,1221
5,80,199,23,652,1610
53,10,31,268,1011,1221
101,95,90,90,1131,1131
84,36,90,90,1610,1131
22,133,269,90,2327,1131
13,11,268,268,1700,2059
41,45,214,214,0,0
52,5,23,200,405,1289
31,42,61,21,2737,1407
128,200,63,61,3085,1428
188,124,68,68,2059,1700
84,108,22,21,2978,1886
174,123,67,24,1633,1968
9,105,41,120,54,1011
160,38,110,38,741,1340
94,6,22,61,2513,1428
142,131,68,68,1700,1700
190,152,68,23,2327,1610
243,129,29,82,2949,1886
6,226,66,68,428,1221
104,215,23,23,126,1610
89,180,65,67,149,1633
171,25,31,268,374,1700
140,22,31,268,374,2059
13,20,31,268,892,1700
6,232,29,29,2484,1857
52,114,31,31,255,1489
248,22,41,120,851,1011
81,6,200,68,1768,1221
162,177,112,38,2837,1340
62,199,61,61,2888,1428
89,70,67,200,1154,1768
247,43,23,24,1042,1968
142,16,67,200,1543,1768
32,45,91,31,1968,1489
109,17,67,200,1992,1768
228,149,39,111,2798,1857
2,216,252,29,3148,1857
9,116,67,24,1543,1968
0,47,267,31,584,1489
47,206,23,24,494,1968
180,176,68,24,584,1968
95,12,68,68,1700,1221
61,44,51,51,1768,1289
204,58,41,121,851,1489
228,210,66,68,1065,1700
226,23,67,23,1154,1610
181,99,111,38,1857,1819
53,46,149,51,2178,1768
2,110,67,67,1633,1992
138,20,90,268,494,2059
124,218,38,38,1340,1340
195,216,90,31,1131,1489
231,26,31,268,1011,1700
35,0,23,200,1520,1768
24,0,119,120,255,1011
160,76,65,68,309,1221
196,180,65,24,149,1968
81,138,22,21,3063,1407
128,251,82,29,2245,1857
83,25,51,149,2596,1819
184,13,31,268,95,1221
71,117,66,23,428,1520
107,24,160,160,851,851
201,88,31,90,1011,1131
96,164,89,90,1042,1131
70,52,67,200,1154,1289
94,187,68,23,2059,1610
91,134,201,68,2395,1700
44,3,90,268,1520,2059
78,206,23,68,405,1700
135,192,31,91,374,1968
13,155,29,29,2484,1378
129,184,83,29,2866,1378
120,14,31,91,892,1968
9,162,65,24,946,1968
156,193,89,31,405,1489
225,64,31,90,374,1520
82,20,66,67,428,1543
24,157,268,90,2059,1131
87,211,67,67,1992,1633
17,182,23,68,405,1221
232,25,31,268,95,2059
16,29,68,67,584,1543
126,109,23,68,1042,1221
61,30,23,200,923,1768
206,184,23,68,1042,1700
198,192,29,82,1378,1886
69,191,21,61,1886,1907
38,135,252,82,3148,1886
39,58,23,68,126,1221
212,157,65,23,309,1610
249,75,23,23,405,1520
236,183,28,82,741,1886
202,113,82,82,1407,1407
0,143,23,68,1610,1700
45,172,200,68,1768,1700
31,138,61,21,2535,1886
138,12,88,90,126,1131
137,75,67,68,517,1221
151,232,29,29,2837,1378
243,50,22,21,2513,1886
61,33,22,61,2715,1907
43,62,23,200,286,1289
20,160,267,90,584,1131
146,10,67,67,517,1543
59,45,21,61,1886,1428
173,171,68,68,2327,1221
92,244,114,38,2949,1340
105,132,68,23,1221,1610
26,264,200,23,1768,1520
69,61,200,67,1768,1543
128,94,24,23,1968,1520
151,198,51,51,2127,1768
14,12,268,268,2059,2059
186,216,23,67,126,1633
211,171,31,90,255,1520
15,4,68,200,1221,1289
102,100,91,91,1968,1968
51,109,54,160,0,851
81,44,202,23,2596,1520
212,220,68,67,2059,1633
60,53,200,67,1768,1992
148,138,88,31,286,1489
129,81,23,200,286,1768
85,70,200,68,2127,1221
74,108,22,21,2866,1407
199,52,29,82,1857,1886
207,143,31,91,1489,1968
45,30,88,90,286,1131
148,125,67,67,517,1992
83,187,199,24,652,1968
143,129,31,90,1011,1610
21,214,65,67,946,1992
27,37,39,38,2798,1819
148,24,63,61,3000,1907
11,86,68,68,584,1700
28,86,68,23,1700,1520
220,273,21,21,1886,1886
66,163,199,67,652,1633
54,184,51,51,1289,1768
195,11,29,29,2216,1857
16,154,85,29,2978,1857
6,63,121,120,1489,1011
149,187,29,82,2484,1407
76,199,23,24,126,1968
80,205,23,67,286,1543
163,194,31,31,374,1489
27,88,68,200,584,1768
147,4,85,29,3063,1378
3,0,268,31,1221,1489
154,132,51,149,1289,1819
17,11,88,268,923,2059
56,95,66,24,1065,1968
14,161,200,23,2127,1520
178,92,38,38,2446,1819
142,146,22,61,2866,1907
21,35,68,24,2327,1968
189,26,65,67,309,1633
117,56,66,24,428,1968
34,131,67,68,1992,1221
101,41,83,29,2513,1378
143,50,64,21,3148,1407
57,171,188,61,3212,1428
118,23,88,268,286,2059
9,217,51,51,1289,1289
24,78,268,90,1700,1131
167,11,82,29,1886,1378
9,58,29,82,1857,1407
194,169,67,68,1154,1700
52,78,150,51,2446,1768
52,12,160,160,54,851
114,161,21,21,769,1407
40,134,23,67,405,1543
34,82,199,68,652,1700
21,76,268,90,1221,1131
107,160,38,111,2178,1857
41,30,201,23,2395,1610
253,16,22,61,2513,1907
166,86,114,38,2949,1819
152,111,90,90,494,1131
135,1,65,200,309,1768
91,266,67,23,517,1520
73,171,38,38,1819,1340
215,188,22,61,2866,1428
64,2,119,121,892,1489
189,0,24,68,1968,1700
10,78,83,29,2866,1857
200,107,23,67,1520,1992
11,153,21,21,769,1886
155,77,51,149,2127,1340
118,157,68,67,1221,1633
39,158,90,90,1520,1610
164,193,29,82,2484,1886
229,187,63,21,3000,1886
37,7,85,82,3063,1886
141,61,148,51,703,1289
119,160,61,61,790,1428
112,189,148,51,703,1768
128,71,68,200,2059,1289
116,229,85,29,2978,1378
195,93,23,200,494,1289
25,162,28,82,741,1407
185,14,41,121,214,1489
45,117,67,23,517,1610
25,158,68,23,584,1610
156,14,31,268,892,2059
71,81,61,61,2737,1907
77,10,119,120,892,1011
59,66,39,111,2647,1378
99,87,39,38,2798,1340
148,85,39,111,2798,1378
160,79,68,200,584,1289
44,77,65,68,309,1700
264,60,23,23,494,1610
263,4,23,68,1131,1221
101,226,22,61,2715,1428
184,22,90,31,1610,1489
4,91,200,68,2127,1700
135,70,68,24,1700,1968
184,152,65,68,149,1221
85,129,65,68,149,1700
152,28,23,68,286,1700
98,1,31,91,255,1968
139,143,38,38,2446,1340
16,202,268,31,1700,1489
35,28,31,90,95,1610
127,239,68,23,584,1520
219,44,51,149,1768,1340
173,90,22,21,2978,1407
21,71,82,82,2245,1886
11,139,51,51,2395,1768
12,186,151,51,2647,1768
137,195,83,29,2715,1378
122,140,31,90,892,1610
71,45,51,149,2127,1819
121,99,83,29,2513,1857
36,5,51,149,652,1819
117,16,89,268,405,2059
169,81,111,38,1378,1340
182,257,21,21,1407,1886
144,62,67,200,1633,1768
145,5,38,111,703,1857
258,43,24,200,1968,1768
33,114,51,149,2395,1819
188,78,67,24,517,1968
39,96,82,29,1407,1378
127,229,149,51,1819,1289
26,98,22,61,2978,1428
195,34,23,200,1131,1768
79,10,29,29,1378,1857
0,116,90,90,1610,1520
179,56,51,149,1768,1819
64,32,201,67,2395,1543
156,162,22,21,2866,1886
105,20,31,268,1489,2059
28,62,200,24,1768,1968
103,62,31,90,374,1610
106,38,66,200,428,1768
156,33,110,38,741,1819
71,192,68,68,2327,1700
12,163,202,68,2596,1700
205,134,29,29,2949,1857
93,31,23,24,1610,1968
42,29,65,200,309,1289
42,11,89,90,405,1131
44,131,38,111,1340,1378
34,28,21,21,2245,1407
162,99,111,38,1378,1819
171,0,31,268,1489,1700
145,253,23,24,1520,1968
151,92,31,90,255,1131
159,92,65,200,149,1768
185,212,65,67,149,1992
188,10,23,23,494,1520
3,120,51,51,652,1768
67,89,23,24,405,1968
166,57,23,68,1131,1700
188,17,89,268,1042,2059
56,88,200,67,1768,1633
223,196,39,38,2647,1819
163,93,22,61,2978,1907
87,186,202,67,2596,1992
43,205,23,68,286,1221
95,69,199,68,652,1221
0,215,23,67,494,1543
84,172,68,67,1700,1543
203,104,68,67,2327,1543
45,218,66,68,1065,1221
26,39,68,23,2327,1520
140,216,151,51,2798,1768
77,9,201,67,2395,1992
198,194,65,67,309,1543
139,237,111,38,1857,1340
203,82,38,111,1819,1378
86,102,61,61,1428,1907
176,19,68,200,2059,1768
129,39,29,82,1378,1407
68,217,201,68,2395,1221
233,159,29,82,2686,1407
179,122,68,67,1221,1543
171,174,23,67,1131,1633
99,151,61,21,1428,1886
219,80,38,111,1819,1857
89,15,200,67,2127,1633
34,126,201,67,2395,1633
56,9,31,268,95,1700
135,14,68,67,584,1633
242,12,23,200,1131,1289
121,24,68,68,1221,1221
128,242,63,21,3085,1407
19,77,90,90,1131,1520
214,130,24,67,1968,1633
120,153,68,24,2059,1968
