89,125,160,160,851,851
104,68,160,160,214,851
5,23,214,214,0,0
59,60,120,120,1011,1011
99,46,160,160,851,851
83,66,121,121,1489,1489
93,30,121,120,1489,1011
60,96,120,121,1011,1489
80,55,120,121,374,1489
56,53,120,120,374,1011
6,41,214,214,0,0
10,109,160,160,214,851
61,64,214,214,0,0
90,120,121,120,1489,1011
113,2,120,120,374,1011
0,174,120,121,1011,1489
8,51,160,160,851,851
1,146,120,121,374,1489
73,53,160,160,214,851
52,4,120,120,1011,1011
147,57,121,121,1489,1489
145,151,90,90,494,1610
32,13,90,268,494,1700
95,85,160,160,851,851
155,69,91,90,1968,1610
138,11,90,268,494,2059
3,204,268,90,1221,1131
196,4,90,268,1131,1221
14,12,268,268,1700,1221
19,10,268,268,1221,1700
13,17,268,268,1700,2059
61,141,120,120,374,1011
26,55,90,91,494,1968
18,21,268,268,2059,1221
10,187,91,91,1968,1968
64,18,160,160,214,851
24,187,269,90,2327,1131
125,158,120,121,1011,1489
14,26,268,90,2059,1610
4,171,267,90,584,1610
22,174,269,91,2327,1968
19,22,267,268,584,1700
197,12,90,268,1610,2059
80,20,90,268,494,1221
18,5,268,268,1700,1700
128,162,120,121,374,1489
149,135,121,120,1489,1011
24,42,268,90,1700,1610
0,8,268,268,1221,1221
33,81,90,91,1610,1968
3,90,268,90,1700,1131
11,198,268,91,1700,1968
68,74,90,90,1610,1610
44,68,214,214,0,0
107,82,90,90,1131,1131
93,26,91,268,1968,1700
12,147,267,91,584,1968
118,12,90,268,1610,1221
109,136,121,121,1489,1489
68,19,91,268,1968,1221
17,23,267,268,584,2059
28,131,91,90,1968,1131
25,8,268,268,2059,2059
21,15,269,268,2327,2059
5,152,90,90,1131,1610
3,9,269,268,2327,1221
18,24,268,268,2059,1700
192,82,90,90,494,1131
23,50,267,90,584,1131
20,12,269,268,2327,1700
87,10,90,268,1610,1700
3,172,268,90,1221,1610
137,150,120,120,1011,1011
9,63,90,90,1610,1131
100,0,90,268,1131,1700
2,142,268,90,2059,1131
105,11,91,268,1968,2059
27,18,267,268,584,1221
6,176,269,90,2327,1610
6,52,268,91,2059,1968
205,139,90,90,1131,1131
87,16,90,268,1610,1700
113,45,91,91,1968,1968
8,20,267,268,584,2059
13,110,160,160,214,851
101,45,120,120,374,1011
172,163,120,120,1011,1011
13,146,90,90,1610,1131
0,15,90,268,494,1221
119,16,90,268,494,1700
8,11,268,268,1700,1221
13,56,268,91,1700,1968
55,6,214,214,0,0
168,18,90,268,494,2059
13,15,268,268,2059,1221
20,22,267,268,584,1221
1,29,160,160,851,851
36,36,91,90,1968,1131
4,2,268,268,1700,1700
17,11,268,268,2059,2059
110,2,91,268,1968,1221
4,86,269,90,2327,1131
43,13,91,268,1968,1700
15,72,268,90,2059,1131
12,4,267,90,584,1610
3,15,268,90,2059,1610
18,127,267,90,584,1131
148,115,120,121,1011,1489
48,43,90,90,1610,1610
172,12,91,268,1968,2059
52,185,90,90,494,1131
27,2,267,268,584,1700
136,50,90,90,1131,1610
152,9,120,121,374,1489
23,22,268,268,1700,2059
97,151,90,90,494,1610
137,160,90,91,494,1968
2,5,268,268,2059,1700
26,140,268,90,1700,1610
21,159,121,121,1489,1489
31,14,90,268,1610,1221
132,185,90,91,1610,1968
6,0,268,268,1221,1700
28,100,121,120,1489,1011
78,20,90,268,1131,1700
22,92,267,91,584,1968
14,59,91,90,1968,1610
12,21,268,268,1221,1221
14,116,268,90,1700,1131
54,12,90,268,1610,2059
26,28,268,91,2059,1968
4,22,269,268,2327,2059
18,148,268,90,1221,1131
4,61,268,90,1221,1610
17,203,269,91,2327,1968
76,10,90,268,1131,1221
22,86,269,90,2327,1610
20,10,269,268,2327,1700
21,10,269,268,2327,1221
21,11,90,268,1131,1221
9,162,268,90,1700,1610
9,188,91,90,1968,1131
7,49,268,90,2059,1131
41,2,91,268,1968,2059
48,128,68,68,2059,1221
40,21,200,200,1768,1768
10,166,268,91,2059,1968
59,225,68,68,1221,1221
177,167,90,90,1610,1131
97,122,160,160,851,851
116,119,121,120,1489,1011
143,21,91,268,1968,1221
218,40,68,200,2327,1289
51,91,200,200,1289,1768
144,77,68,68,2327,1700
15,165,267,91,584,1968
5,41,269,90,2327,1610
12,1,268,268,2059,2059
82,120,90,90,494,1131
79,224,202,68,2596,1221
3,22,267,90,584,1131
63,100,199,68,652,1700
1,94,200,200,1289,1289
1,10,268,90,1700,1131
5,86,201,200,2395,1768
18,18,120,120,1011,1011
133,108,160,160,214,851
163,188,90,90,1131,1131
21,201,268,90,1221,1610
3,127,268,90,2059,1610
18,24,267,90,584,1610
1,0,267,268,584,2059
13,4,269,268,2327,2059
156,49,68,68,584,1700
141,3,90,268,1610,1221
118,70,68,68,2059,1700
163,139,90,91,494,1968
26,36,202,200,2596,1768
205,23,68,200,584,1289
162,187,91,90,1968,1610
126,39,90,90,494,1610
78,91,68,200,2059,1768
66,19,121,121,1489,1489
12,22,268,268,1700,2059
17,206,68,68,1700,1221
95,83,199,200,652,1768
89,142,120,121,374,1489
71,67,200,200,2127,1289
43,202,90,90,1610,1610
62,4,91,268,1968,1700
34,4,68,200,1700,1768
2,35,68,200,1221,1768
69,14,200,68,1768,1700
88,13,202,200,2596,1289
88,120,68,68,1700,1700
72,22,90,268,1610,1700
207,30,68,200,2327,1768
9,150,268,91,1700,1968
47,129,200,68,2127,1221
166,22,90,268,494,1221
7,42,269,90,2327,1131
221,114,68,68,1221,1700
28,70,202,68,2596,1700
34,142,68,68,2327,1221
63,11,90,268,1131,1700
14,124,268,90,1221,1131
9,125,91,91,1968,1968
62,58,214,214,0,0
52,2,120,120,374,1011
4,73,199,200,652,1289
195,54,68,200,584,1768
59,196,200,68,1289,1700
153,40,68,200,1221,1289
7,115,199,68,652,1221
57,22,90,268,494,2059
13,23,200,68,1289,1221
25,97,269,91,2327,1968
172,52,68,68,584,1221
129,20,90,268,494,1700
83,91,200,68,1768,1221
203,15,90,268,1610,2059
77,89,120,121,1011,1489
94,93,200,200,1768,1289
71,79,201,200,2395,1289
182,12,68,200,2059,1289
16,207,201,68,2395,1221
20,81,200,200,2127,1768
117,62,68,200,1700,1289
179,124,90,90,1131,1610
19,144,200,68,2127,1700
77,125,201,68,2395,1700
14,190,90,91,1610,1968
5,188,200,68,2127,1221
39,166,202,68,2596,1221
5,142,269,90,2327,1610
172,60,90,90,1131,1610
2,50,269,91,2327,1968
106,13,160,160,54,851
98,85,90,90,494,1131
26,39,268,90,2059,1610
155,10,90,268,1131,1700
20,97,267,90,584,1610
64,148,200,68,1289,1221
89,47,200,200,1768,1289
23,6,200,200,1289,1289
120,10,91,268,1968,1700
31,94,201,68,2395,1700
57,130,68,68,584,1221
16,5,269,268,2327,2059
9,192,267,91,584,1968
35,121,121,121,1489,1489
205,127,68,68,2327,1221
5,201,268,90,1700,1610
21,34,91,90,1968,1131
14,85,268,90,2059,1131
6,82,267,90,584,1131
95,90,68,68,1700,1700
69,70,90,91,494,1968
115,58,90,90,1610,1131
5,45,68,200,2327,1289
42,163,90,90,1610,1610
46,18,90,268,1610,1700
61,67,200,200,2127,1768
4,11,267,268,584,2059
44,21,90,268,1131,1221
8,77,269,90,2327,1131
10,163,199,68,652,1221
117,21,68,200,2059,1768
2,65,199,200,652,1768
11,90,160,160,851,851
33,61,68,200,1700,1768
235,91,54,160,0,851
14,84,200,200,1768,1768
145,63,120,120,374,1011
45,3,90,268,494,1700
46,133,200,68,1768,1221
6,49,268,90,1221,1610
38,19,68,200,584,1289
8,107,120,120,1011,1011
141,20,90,268,1610,1221
81,3,91,268,1968,1221
72,78,68,200,1221,1768
63,143,200,68,2127,1700
4,21,268,268,1700,2059
28,65,91,91,1968,1968
134,32,160,160,214,851
137,87,90,90,1131,1131
21,18,199,68,652,1700
116,212,68,68,1221,1700
8,17,199,200,652,1289
10,197,201,68,2395,1221
150,177,68,68,2059,1700
138,33,68,200,584,1768
148,26,90,268,494,2059
10,94,202,200,2596,1289
78,99,91,90,1968,1610
45,27,68,200,2327,1768
10,91,268,91,2059,1968
210,87,68,200,1221,1289
80,92,201,200,2395,1768
75,40,214,214,0,0
5,56,68,68,1700,1221
12,207,68,68,2059,1221
187,196,90,90,494,1610
173,146,68,68,2327,1700
15,164,268,90,1700,1131
51,201,200,68,1768,1700
10,7,268,268,2059,2059
28,224,68,68,584,1700
173,86,68,200,1700,1289
50,14,202,68,2596,1700
104,19,91,268,1968,2059
45,54,202,200,2596,1768
59,60,200,68,1289,1700
154,182,90,91,1610,1968
154,24,120,121,1011,1489
51,9,90,268,494,1221
24,33,121,120,1489,1011
224,47,68,200,2059,1289
130,13,120,121,374,1489
55,76,200,200,2127,1289
81,84,68,68,1221,1221
22,185,268,91,1700,1968
30,12,201,200,2395,1289
72,38,200,200,1289,1768
147,18,90,268,1610,2059
1,180,268,90,1221,1131
175,19,90,268,1610,1221
22,52,269,90,2327,1610
17,16,268,90,1221,1131
85,132,151,51,2647,1289
51,24,90,268,1610,1700
73,144,148,51,703,1289
144,34,51,149,2596,1340
12,179,268,90,1221,1610
141,44,51,51,1289,1768
61,54,121,121,1489,1489
26,150,268,91,1700,1968
61,4,120,120,1011,1011
90,16,90,268,1131,1221
71,82,149,51,1340,1768
10,111,149,149,1340,1819
68,203,51,51,2127,1768
57,142,91,91,1968,1968
79,28,148,51,703,1768
84,65,68,200,1700,1768
4,209,151,51,2798,1289
172,39,68,68,2327,1700
7,14,90,268,1610,2059
39,117,120,120,374,1011
91,44,68,200,584,1289
2,61,150,149,2446,1340
89,27,68,68,584,1221
7,180,267,90,584,1131
95,75,149,51,1819,1289
58,13,90,268,1131,1700
125,101,149,51,1340,1289
26,34,268,90,2059,1610
214,42,68,200,1221,1289
73,14,149,51,2178,1289
10,6,68,200,1221,1768
41,44,149,149,2178,1819
51,144,202,68,2596,1221
198,63,90,90,494,1131
48,133,51,149,2127,1819
162,85,90,90,1610,1610
23,58,214,214,0,0
13,71,267,91,584,1968
115,16,160,160,214,851
14,39,267,90,584,1610
221,31,51,51,652,1768
171,145,51,51,1768,1289
21,11,68,200,2059,1768
7,43,269,91,2327,1968
106,30,151,149,2798,1340
26,77,268,90,1700,1610
2,23,268,268,1700,2059
215,127,51,149,652,1340
23,98,121,120,1489,1011
20,33,149,149,1819,1819
1,128,51,51,2395,1768
147,112,68,68,584,1700
2,218,200,68,1768,1221
212,54,51,149,1768,1340
36,17,160,160,54,851
13,110,200,68,1289,1700
198,17,91,268,1968,2059
61,127,148,149,703,1819
65,50,51,51,2596,1768
14,28,90,90,1131,1131
6,0,269,268,2327,2059
66,50,91,90,1968,1131
1,111,151,51,2798,1768
176,96,68,68,2059,1221
39,111,68,68,1221,1700
6,97,149,149,1340,1340
141,122,68,68,2327,1221
206,17,51,149,2596,1819
32,20,91,268,1968,1221
151,133,51,51,2395,1289
6,213,51,51,2127,1289
78,235,150,51,2446,1289
64,126,149,51,1819,1768
3,118,202,68,2596,1700
133,196,91,90,1968,1610
134,18,51,149,652,1819
25,14,90,268,494,1221
26,87,120,121,374,1489
12,169,269,90,2327,1131
44,17,160,160,851,851
101,19,68,200,1700,1289
81,16,200,68,1768,1700
231,232,51,51,652,1289
17,25,68,200,584,1768
9,133,149,149,1819,1340
45,51,51,51,1768,1768
115,160,68,68,1221,1221
58,22,150,149,2446,1819
14,61,149,149,2178,1340
42,29,151,149,2798,1819
84,171,199,68,652,1700
13,18,267,268,584,2059
83,83,51,149,2395,1340
76,117,151,149,2647,1340
23,109,201,68,2395,1700
125,138,51,149,2395,1819
24,188,268,91,2059,1968
84,92,199,68,652,1221
87,199,200,68,1289,1221
40,121,90,90,1610,1131
43,1,200,68,2127,1221
150,62,68,200,2327,1289
51,100,200,68,2127,1700
88,165,151,51,2647,1768
3,6,268,268,2059,2059
117,13,150,51,2446,1768
142,37,90,91,1610,1968
147,17,90,268,494,1700
83,0,90,268,494,2059
165,152,68,68,2059,1700
100,26,91,268,1968,1700
143,49,90,90,494,1610
59,70,68,68,1700,1700
3,27,151,149,2647,1819
39,181,90,91,494,1968
144,14,51,51,1289,1289
123,64,51,149,1289,1340
208,4,68,200,2059,1289
162,85,51,149,2127,1340
99,139,68,68,1700,1221
3,61,268,90,1700,1131
146,122,148,149,703,1340
96,204,149,51,2178,1768
118,122,54,160,0,851
139,198,51,51,2596,1289
121,25,51,149,1768,1819
19,25,68,200,2327,1768
9,92,120,121,1011,1489
207,140,51,149,1289,1819
186,39,90,90,1131,1610
27,89,268,90,2059,1131
18,171,201,68,2395,1221
6,23,90,268,494,2059
2,225,68,68,1700,1221
6,5,150,51,2446,1289
28,72,51,149,1768,1819
119,36,148,149,703,1340
67,127,151,149,2647,1340
133,59,68,200,2327,1289
186,78,51,149,2395,1819
198,12,91,268,1968,2059
187,108,51,51,652,1289
119,80,120,121,374,1489
4,36,267,91,584,1968
29,104,200,68,2127,1221
10,106,151,149,2647,1819
144,7,148,51,703,1768
47,12,90,268,1610,1221
180,195,90,90,494,1131
12,102,51,51,2395,1289
223,179,51,51,1289,1768
72,137,120,120,1011,1011
23,29,268,91,1700,1968
148,37,68,200,1700,1768
13,5,269,268,2327,2059
7,119,51,51,652,1768
15,193,91,90,1968,1131
114,108,51,51,2596,1768
117,97,51,149,2395,1340
227,131,51,149,1289,1819
237,22,51,51,2127,1768
10,132,200,68,1289,1700
169,0,68,200,2059,1768
71,12,51,149,2596,1819
42,183,51,51,2127,1289
184,226,68,68,2327,1221
52,54,200,68,1768,1700
24,16,267,268,584,2059
18,76,269,90,2327,1131
150,92,51,149,2596,1340
79,184,199,68,652,1221
154,82,68,68,2059,1700
16,25,268,268,1700,2059
2,113,267,90,584,1131
231,149,51,51,1768,1768
109,172,68,68,584,1700
19,36,68,200,584,1768
0,28,149,149,2178,1340
12,242,51,51,1289,1289
19,59,151,51,2647,1289
8,67,202,68,2596,1700
6,39,269,91,2327,1968
14,24,268,90,2059,1131
131,102,150,51,2446,1768
114,96,51,149,1289,1340
13,20,68,200,1700,1289
103,96,151,51,2798,1289
14,19,214,214,0,0
119,145,149,149,1819,1340
194,170,91,91,1968,1968
72,161,200,68,1289,1221
30,176,151,51,2647,1768
152,16,91,268,1968,1221
114,13,90,268,1131,1700
92,171,149,51,2178,1768
3,36,54,160,0,851
179,14,90,268,1131,1221
191,5,68,200,2059,1289
26,2,268,268,2059,2059
75,180,148,51,703,1289
31,120,200,68,1768,1221
6,9,51,51,1768,1289
182,9,51,149,652,1340
19,4,90,268,494,1700
111,243,149,51,1819,1768
8,145,268,90,1221,1131
96,140,150,149,2446,1340
121,35,68,200,2327,1768
9,171,90,91,494,1968
206,52,51,51,2395,1768
87,26,201,68,2395,1221
85,169,91,90,1968,1610
27,95,268,91,2059,1968
73,24,90,268,1610,1700
28,102,149,51,2178,1289
127,50,149,149,1340,1819
11,22,91,268,1968,1700
1,77,160,160,54,851
128,11,149,51,1340,1289
55,166,90,90,494,1610
142,48,149,149,1819,1819
10,36,148,149,703,1819
25,37,151,149,2798,1340
61,71,68,68,2327,1700
182,11,90,268,1610,2059
142,24,90,268,494,1221
81,33,90,90,1131,1131
51,131,200,68,2127,1700
22,173,268,90,2059,1610
60,34,202,68,2596,1221
199,128,51,51,2596,1289
89,147,68,68,1700,1700
62,193,90,91,1610,1968
96,87,68,200,1221,1289
88,122,121,120,1489,1011
124,33,51,149,2127,1340
19,194,268,90,1221,1610
226,85,68,68,1221,1221
130,19,149,51,1819,1289
21,93,268,90,1700,1131
87,185,68,68,1221,1700
58,140,51,149,652,1819
222,37,51,149,2127,1819
52,0,90,90,1131,1610
65,170,149,51,1340,1768
174,25,120,120,374,1011
14,31,267,90,584,1610
12,47,68,68,584,1221
3,88,268,90,1700,1610
14,15,51,149,1768,1340
93,125,121,121,1489,1489
85,99,160,160,851,851
19,93,149,149,2178,1819
56,72,68,200,584,1289
127,78,68,68,2059,1221
69,73,149,149,1340,1340
200,129,90,90,1610,1131
131,58,150,149,2446,1819
40,105,199,68,652,1700
14,16,201,68,2395,1700
87,58,68,200,1221,1768
7,170,90,90,1610,1610
23,105,269,90,2327,1610
19,47,151,51,2798,1768
88,133,151,149,2798,1819
163,59,120,121,1011,1489
49,23,160,160,214,851
158,185,90,90,494,1131
153,57,38,111,703,1857
151,22,90,268,1131,1221
30,100,200,68,1768,1221
109,40,114,111,2949,1378
20,78,269,90,2327,1131
205,198,38,38,2446,1819
6,91,160,160,54,851
10,17,202,68,2596,1221
240,23,38,111,2446,1857
171,112,110,111,741,1857
95,4,90,268,1610,1700
120,103,110,111,741,1378
14,129,268,90,1700,1610
63,110,51,51,2395,1768
10,40,68,200,584,1768
49,106,39,111,2798,1378
138,82,91,90,1968,1610
39,53,38,38,2178,1819
105,95,111,111,2216,1857
18,21,214,214,0,0
194,134,38,38,703,1819
74,58,51,51,1289,1289
146,75,111,111,1378,1378
34,66,111,111,2216,1378
215,159,51,51,2596,1289
189,41,51,51,2596,1768
41,50,112,111,2686,1857
115,7,114,38,2949,1819
178,107,38,111,2446,1378
80,7,151,51,2798,1289
122,31,151,51,2647,1768
20,134,120,120,374,1011
60,0,199,68,652,1700
25,14,267,268,584,2059
39,168,200,68,2127,1221
53,17,38,38,1340,1819
202,53,68,200,584,1289
15,10,90,268,494,1700
61,154,68,68,584,1700
82,14,90,268,494,1221
146,23,112,38,2686,1819
90,19,91,268,1968,1221
168,50,114,38,2949,1340
40,166,200,68,1768,1700
41,82,41,120,54,1011
11,98,269,90,2327,1610
34,127,39,38,2647,1819
200,24,68,200,2059,1768
114,135,112,38,2484,1819
159,23,41,120,214,1011
43,65,68,68,2327,1221
47,36,90,90,1610,1610
14,132,269,91,2327,1968
163,208,51,51,1768,1289
229,159,38,38,1819,1340
55,216,151,51,2647,1289
68,131,199,68,652,1221
157,10,68,200,1221,1289
24,224,38,38,2446,1340
86,19,39,111,2647,1378
155,141,119,121,892,1489
99,3,38,111,2178,1857
43,57,111,111,1857,1857
25,175,267,90,584,1610
225,83,51,149,1289,1340
58,103,149,51,1340,1768
137,123,51,51,652,1768
162,118,111,38,1378,1819
1,171,91,90,1968,1131
91,89,200,68,2127,1700
13,20,268,90,1221,1131
41,36,51,149,1289,1819
100,77,68,68,2327,1700
17,141,120,121,1011,1489
168,63,51,149,652,1819
95,51,119,120,892,1011
248,79,38,38,1340,1340
212,102,68,68,1221,1700
100,27,111,111,1378,1857
1,69,149,51,2178,1768
110,19,68,68,1221,1221
21,19,90,90,1610,1131
42,108,112,38,2686,1340
44,66,68,68,1700,1700
43,139,119,120,95,1011
39,121,160,160,851,851
6,22,51,149,1768,1819
121,92,119,121,255,1489
139,164,120,121,374,1489
62,94,149,51,1340,1289
0,83,51,149,2127,1340
223,116,54,160,0,851
56,51,68,200,2327,1289
49,111,38,111,1819,1857
36,181,202,68,2596,1700
176,32,112,111,2484,1378
111,207,110,38,741,1340
11,187,38,38,1819,1819
23,62,268,90,1221,1610
75,212,51,51,1289,1768
212,38,68,68,584,1221
0,133,268,90,1700,1131
116,17,90,268,1610,1221
11,5,68,200,1700,1289
6,131,268,91,1700,1968
15,12,269,268,2327,2059
48,187,200,68,1289,1221
112,8,90,268,494,2059
101,132,112,38,2837,1819
23,21,268,268,1700,2059
182,38,39,38,2798,1340
183,77,91,91,1968,1968
111,4,90,268,1131,1700
21,187,268,90,2059,1610
84,102,119,121,95,1489
42,174,90,91,494,1968
63,180,150,51,2446,1768
140,0,51,149,2395,1819
13,32,160,160,214,851
36,112,148,51,703,1289
80,117,39,111,2798,1857
116,79,38,111,1819,1378
108,111,38,38,2178,1340
219,69,68,200,1700,1768
34,28,68,200,2327,1768
134,41,114,111,2949,1857
14,133,111,38,1857,1819
63,145,38,38,703,1340
121,121,112,38,2837,1340
220,161,39,111,2647,1857
25,28,268,90,2059,1131
10,136,68,68,2059,1700
0,5,268,91,2059,1968
60,164,201,68,2395,1700
22,14,268,268,2059,2059
136,170,111,38,1857,1340
74,42,111,111,1857,1378
30,143,90,90,1131,1610
22,98,51,149,2596,1819
2,233,111,38,2216,1819
21,134,267,91,584,1968
5,213,201,68,2395,1221
235,13,51,149,2127,1819
98,81,151,51,2798,1768
150,162,90,91,1610,1968
1,188,267,90,584,1131
183,192,110,38,741,1819
188,130,39,38,2798,1819
115,150,38,111,703,1378
120,36,41,121,214,1489
97,166,90,90,494,1610
119,231,149,51,2178,1289
36,86,38,111,2178,1378
1,207,51,51,1768,1768
106,14,41,120,851,1011
48,115,111,38,1378,1340
113,7,38,111,1340,1857
180,42,68,68,2059,1221
202,170,41,121,851,1489
41,188,200,68,1289,1700
174,23,90,268,1610,2059
65,158,120,120,1011,1011
79,44,68,200,1221,1768
67,169,121,120,1489,1011
76,159,51,51,2127,1289
155,142,112,38,2484,1340
10,23,149,51,1819,1768
120,172,38,111,1340,1378
100,160,149,51,1819,1289
144,25,112,111,2837,1378
40,41,51,51,2127,1768
172,14,91,268,1968,2059
116,156,39,38,2647,1340
177,42,112,111,2484,1857
93,48,51,149,2395,1340
109,179,148,51,703,1768
11,79,68,200,2059,1289
165,24,111,38,2216,1340
51,20,150,51,2446,1289
154,107,112,111,2837,1857
169,48,119,120,255,1011
40,110,112,111,2686,1378
182,137,90,90,1131,1131
240,165,41,121,54,1489
74,79,121,121,1489,1489
50,51,51,149,652,1340
25,12,68,68,1700,1221
209,118,51,149,1768,1340
58,94,51,51,2395,1289
72,23,51,149,2596,1340
60,242,51,51,652,1289
136,15,91,268,1968,1700
85,72,160,160,54,851
23,4,268,90,1221,1520
0,2,29,82,1378,1886
14,18,91,268,1968,1221
97,75,91,31,1968,1489
16,86,51,149,652,1340
32,247,111,38,1378,1340
83,144,149,51,1340,1768
34,72,88,90,126,1131
198,36,28,82,741,1886
8,84,119,120,892,1011
180,19,88,268,923,2059
240,1,31,90,1489,1610
96,150,149,51,1819,1768
15,53,29,29,2216,1857
123,60,119,121,95,1489
192,96,68,68,584,1700
14,5,38,38,2446,1340
154,83,39,111,2647,1378
7,58,269,31,2327,1489
234,19,31,268,255,1221
172,1,88,268,126,1700
6,49,88,91,286,1968
30,110,51,149,1768,1340
171,121,83,82,2513,1886
103,188,85,29,3063,1857
146,22,88,268,126,2059
57,5,110,38,741,1819
113,1,31,91,95,1968
39,163,112,38,2686,1340
205,204,29,82,2837,1407
104,65,88,91,923,1968
218,44,29,29,2949,1857
151,38,38,38,1340,1340
58,0,29,29,2949,1378
5,114,268,31,2059,1489
149,208,82,82,769,1407
163,19,31,268,95,2059
177,18,88,268,286,2059
83,36,151,51,2647,1289
11,58,89,90,1042,1610
187,0,39,38,2647,1819
27,67,268,91,1700,1968
38,152,31,31,255,1489
129,41,148,51,703,1768
197,52,51,149,652,1819
9,74,51,51,2127,1289
46,42,149,51,2178,1768
27,235,38,38,2178,1819
200,3,90,268,1131,1221
114,7,90,268,1610,1221
75,183,200,68,2127,1221
124,20,83,82,2715,1407
186,237,38,38,2446,1819
43,135,119,120,255,1011
116,48,68,200,584,1768
181,41,82,82,1407,1407
83,105,39,38,2647,1340
69,177,38,111,1340,1378
80,188,89,90,405,1131
236,110,31,90,255,1520
134,6,90,268,1610,2059
167,187,31,91,374,1968
39,90,83,82,2513,1407
97,128,68,68,1221,1700
22,119,200,68,1768,1700
16,236,82,29,1886,1857
25,172,91,91,1968,1968
200,0,31,268,95,1221
20,72,68,68,584,1221
37,9,199,68,652,1221
156,8,31,268,374,2059
36,110,85,29,2978,1378
146,225,83,29,2866,1857
36,8,31,268,374,1700
200,74,29,82,1857,1407
71,41,68,200,2327,1289
45,128,39,38,2798,1819
199,3,89,268,405,1700
22,247,268,31,1221,1489
196,73,85,82,2978,1886
22,86,252,82,3148,1886
26,18,268,90,1221,1131
140,34,68,200,1700,1289
195,146,82,29,1886,1378
44,107,111,38,2216,1340
209,173,29,82,1857,1886
72,21,89,268,405,1221
69,60,28,82,741,1407
92,148,88,90,126,1610
114,174,68,68,2059,1221
143,33,29,82,2949,1407
65,200,85,29,3063,1378
201,162,38,38,1340,1819
182,139,82,82,1886,1886
136,7,120,121,1011,1489
120,26,29,29,1378,1857
44,0,29,82,2686,1886
135,8,31,268,95,1700
147,53,88,90,286,1520
87,157,68,68,1221,1221
5,195,268,90,1700,1520
242,23,29,29,2216,1378
210,185,83,29,2715,1378
24,22,268,268,1700,2059
33,224,150,51,2446,1289
99,255,29,29,2484,1857
51,134,151,51,2647,1768
121,66,41,120,851,1011
254,235,29,29,2686,1378
28,14,89,268,1042,2059
134,142,51,149,1768,1819
175,46,51,51,2127,1768
224,144,38,111,2446,1857
1,77,268,90,2059,1131
28,112,252,82,3148,1407
214,66,68,68,2327,1700
163,81,112,38,2686,1819
255,11,31,268,1489,2059
45,88,88,90,286,1131
210,163,41,121,214,1489
152,219,89,31,405,1489
89,183,90,31,1610,1489
52,36,214,214,0,0
74,11,28,29,741,1378
195,188,90,90,494,1610
37,240,38,38,703,1819
241,36,51,149,1289,1340
182,38,90,90,1131,1610
31,12,90,268,1131,1700
6,45,268,90,2059,1610
125,10,29,29,2837,1857
121,24,31,268,255,1700
38,138,85,82,3063,1407
0,62,111,38,1857,1819
212,172,82,82,2245,1886
86,9,200,68,1289,1221
132,199,149,51,1340,1289
175,91,82,82,1407,1886
13,107,269,91,2327,1968
25,26,160,160,214,851
25,124,31,90,1011,1131
221,43,29,82,2686,1407
53,28,51,51,652,1768
84,50,68,68,2327,1221
163,106,112,38,2837,1340
74,186,91,90,1968,1520
100,14,90,268,494,1700
213,12,31,268,374,1221
55,0,90,31,494,1489
129,181,83,29,2866,1378
119,97,38,111,2178,1857
155,59,114,38,2949,1819
7,28,31,90,95,1610
96,115,90,90,1131,1520
11,246,252,29,3148,1857
62,17,91,268,1968,2059
56,180,148,51,703,1289
239,106,51,149,2127,1340
201,26,31,268,892,1700
52,31,51,51,2596,1768
114,23,110,38,741,1340
217,120,41,121,54,1489
15,151,267,90,584,1610
72,257,83,29,2513,1378
226,149,31,91,1489,1968
104,150,31,90,374,1131
142,48,88,90,286,1610
6,5,31,268,892,2059
16,138,269,90,2327,1610
82,0,90,268,1520,2059
252,142,29,29,1857,1378
161,46,90,31,1131,1489
189,106,51,51,1289,1768
247,22,31,90,95,1131
187,80,51,149,1289,1819
17,59,31,91,892,1968
4,33,202,68,2596,1700
58,10,51,149,2596,1819
75,167,83,29,2715,1857
22,22,269,268,2327,2059
192,40,41,120,214,1011
140,157,120,120,1011,1011
56,1,90,268,494,2059
23,44,31,90,1011,1610
2,19,268,268,2059,2059
157,22,31,268,1011,1221
24,22,268,90,1700,1131
43,77,51,149,2395,1340
50,80,29,29,2837,1378
22,149,38,38,2178,1340
105,26,31,268,1011,1700
21,169,68,68,1700,1700
78,5,91,90,1968,1610
21,13,200,68,2127,1700
168,11,54,160,0,851
108,152,120,120,374,1011
6,59,151,51,2798,1289
92,4,90,90,1520,1610
39,24,90,268,1520,1700
184,135,29,82,1378,1407
164,33,83,82,2866,1407
172,165,90,90,1610,1520
150,13,28,29,741,1857
5,180,268,90,2059,1520
164,78,68,200,2327,1768
82,241,82,29,2245,1378
54,86,85,82,2978,1407
75,128,119,121,892,1489
218,198,51,51,1768,1768
174,154,83,29,2513,1857
161,81,39,111,2798,1857
144,41,89,90,405,1520
148,104,41,121,851,1489
205,32,51,51,652,1289
36,183,31,90,255,1610
125,30,51,51,1289,1289
101,114,82,82,2245,1407
211,105,51,149,2127,1819
135,82,83,82,2866,1886
140,161,119,120,95,1011
252,113,29,29,1378,1378
37,70,150,51,2446,1768
228,44,38,111,703,1378
204,27,31,90,374,1610
30,50,68,68,2059,1700
242,236,51,51,2395,1768
163,22,90,91,1520,1968
146,96,90,90,494,1520
41,101,89,91,405,1968
182,106,38,111,1819,1378
140,146,31,90,892,1610
131,138,51,149,2395,1819
228,195,31,90,255,1131
44,14,90,268,494,1221
14,146,51,51,1768,1289
49,51,151,51,2798,1768
5,159,88,91,126,1968
83,29,31,31,374,1489
37,119,89,90,1042,1131
46,5,82,82,1886,1407
172,152,29,82,2484,1407
134,6,88,268,126,1221
89,111,39,38,2798,1340
64,92,200,68,1289,1700
1,190,267,91,584,1968
167,251,82,29,1407,1378
88,2,111,38,1857,1340
7,198,268,31,1700,1489
70,198,90,90,1610,1610
110,177,90,91,1610,1968
174,9,89,268,1042,1221
47,167,121,120,1489,1011
14,119,200,68,1768,1221
19,72,269,90,2327,1131
245,262,29,29,2686,1857
82,79,51,149,2596,1340
13,71,268,90,1221,1610
122,94,68,200,1221,1768
119,8,31,268,1011,2059
26,251,267,31,584,1489
129,136,89,90,405,1610
166,92,90,90,1131,1131
78,136,114,38,2949,1340
143,5,88,268,923,1700
113,134,29,82,2216,1886
60,56,112,38,2484,1340
33,121,202,68,2596,1221
69,48,38,111,1819,1857
1,149,82,29,2245,1857
193,26,89,268,405,2059
136,136,112,38,2484,1819
177,81,39,111,2647,1857
156,39,31,90,374,1520
43,38,68,68,1700,1221
119,182,38,38,1819,1340
265,157,29,29,1857,1857
94,97,82,82,769,1886
24,19,267,268,584,2059
110,19,89,268,1042,1700
82,44,149,51,1819,1289
171,16,88,90,923,1610
118,29,89,91,1042,1968
18,184,269,90,2327,1520
15,24,199,68,652,1700
113,103,31,91,255,1968
118,106,29,82,2216,1407
182,82,31,91,1011,1968
73,220,85,29,2978,1857
128,28,41,120,54,1011
77,13,88,268,286,1221
82,2,31,268,255,2059
91,97,91,90,1968,1131
149,6,31,268,1489,1700
224,79,68,200,2059,1768
123,237,111,38,2216,1819
69,51,38,38,703,1340
22,91,267,90,584,1520
142,141,38,111,2446,1378
212,235,51,51,2596,1289
204,118,38,111,1340,1857
52,93,38,38,1819,1819
165,127,83,82,2715,1886
58,70,68,200,584,1289
121,84,82,29,769,1378
220,15,39,111,2798,1378
9,240,252,29,3148,1378
188,80,90,90,494,1131
75,23,90,268,1610,1700
253,151,29,82,2484,1886
37,181,112,38,2837,1819
50,101,85,82,3063,1886
170,14,88,268,286,1700
30,164,149,51,2178,1289
98,105,111,38,1378,1819
260,116,29,82,2837,1886
22,0,88,31,286,1489
129,109,38,111,703,1857
183,238,82,29,769,1857
7,20,68,200,1221,1289
49,19,68,200,2059,1289
174,148,82,29,1407,1857
172,87,121,121,1489,1489
13,6,268,90,1700,1610
0,98,268,91,2059,1968
23,80,267,90,584,1131
53,111,201,68,2395,1221
204,187,29,29,2484,1378
153,38,68,200,1700,1768
31,35,160,160,851,851
77,183,29,82,2949,1886
156,61,90,90,1610,1131
78,138,38,111,2178,1378
217,57,51,51,2395,1289
61,3,91,268,1968,1700
52,13,201,68,2395,1700
138,9,90,91,494,1968
4,5,68,68,584,1221
255,88,23,200,126,1768
21,24,31,268,255,1700
153,145,28,29,741,1857
111,101,61,61,790,1907
146,5,68,200,1700,1289
173,226,61,61,1907,1428
28,166,51,51,1768,1768
9,234,201,24,2395,1968
106,99,24,67,1968,1543
32,151,200,67,2127,1992
223,70,67,200,517,1289
158,39,29,29,1857,1378
241,131,51,149,2395,1340
15,237,38,38,1340,1819
170,192,112,38,2686,1819
8,24,51,149,652,1340
124,241,65,23,309,1520
10,3,267,268,584,2059
51,73,66,200,1065,1289
87,8,68,200,2327,1289
65,232,51,51,2596,1768
51,74,23,67,494,1633
86,25,31,268,255,2059
64,139,51,51,2596,1289
53,53,29,82,2837,1407
82,174,188,21,3212,1407
246,94,31,91,1011,1968
192,206,68,67,1700,1633
251,57,23,200,1042,1289
141,175,64,61,3148,1428
30,75,200,23,1289,1520
42,226,200,67,1289,1633
138,147,31,90,1489,1610
166,153,68,23,2059,1520
60,204,112,38,2484,1819
162,218,22,21,2715,1886
77,144,61,21,2535,1407
147,173,22,21,2715,1407
113,84,67,67,1154,1633
117,26,29,29,1857,1857
73,39,38,38,2178,1819
193,40,38,111,2446,1857
204,94,61,21,2888,1886
215,77,66,67,428,1992
193,155,29,82,2216,1407
87,144,22,21,2513,1407
69,183,61,21,2888,1407
76,180,23,24,923,1968
14,160,67,67,1992,1543
211,35,61,21,790,1886
206,152,23,67,405,1992
156,10,24,200,1968,1289
133,50,149,51,2178,1289
18,245,268,31,2059,1489
69,197,68,67,2327,1633
78,4,68,200,2327,1768
30,205,82,29,2245,1378
87,21,151,51,2647,1289
22,153,200,68,1289,1700
94,150,83,29,2715,1857
136,222,38,38,703,1340
238,8,23,200,405,1768
166,79,88,91,286,1968
154,73,63,21,3000,1407
170,73,68,68,1221,1700
4,101,202,67,2596,1543
214,63,39,111,2647,1857
180,190,28,29,741,1378
57,156,38,38,703,1819
119,18,68,68,2059,1221
8,169,150,51,2446,1289
36,96,88,90,923,1610
22,248,68,23,1700,1610
114,155,111,38,2216,1819
61,70,67,67,517,1633
99,212,68,67,584,1992
184,23,90,268,1610,1221
207,213,65,68,946,1700
200,237,61,21,1907,1886
239,73,29,82,2837,1886
259,11,23,200,126,1289
216,45,23,200,494,1768
37,117,200,23,1289,1610
163,195,68,67,2327,1992
136,32,120,120,374,1011
73,55,82,29,769,1378
101,51,119,121,95,1489
92,12,31,91,95,1968
255,192,23,23,405,1610
40,137,61,21,1907,1407
33,177,91,90,1968,1131
121,177,29,29,2216,1378
236,87,29,82,2949,1407
248,15,23,200,1042,1768
1,165,200,23,2127,1610
14,46,21,61,769,1428
23,10,23,67,494,1992
182,133,51,149,1289,1340
142,180,38,38,2178,1340
193,142,68,23,1221,1520
132,155,149,51,1340,1768
152,106,21,61,1407,1907
33,55,121,121,1489,1489
51,95,67,68,1992,1700
216,74,68,67,2059,1992
151,141,82,29,769,1857
60,225,200,67,1289,1543
214,209,68,67,2059,1543
189,24,61,61,2535,1907
86,49,41,120,214,1011
147,54,23,67,405,1633
67,21,21,61,769,1907
60,31,200,68,1289,1221
231,61,38,111,2178,1378
74,18,38,38,1819,1819
71,6,200,67,2127,1543
228,80,61,61,2888,1907
59,170,200,24,2127,1968
15,127,61,21,790,1407
24,143,151,51,2798,1289
132,39,66,200,1065,1768
215,127,24,23,1968,1610
45,2,31,268,255,1221
85,247,90,31,494,1489
198,62,61,21,2266,1407
186,39,61,61,2266,1428
203,205,67,68,1633,1700
28,16,61,61,1907,1907
140,87,68,67,1700,1992
73,205,61,61,2535,1428
80,107,51,149,2596,1340
226,4,63,61,3000,1428
134,0,120,121,1011,1489
79,10,31,268,1011,2059
217,96,61,21,2737,1886
122,63,38,111,703,1378
154,162,31,90,255,1610
196,132,23,68,494,1700
52,145,199,67,652,1992
163,132,67,68,1543,1700
45,108,200,23,1768,1610
4,154,269,31,2327,1489
108,215,23,67,1610,1992
58,35,68,200,1221,1768
49,154,23,67,923,1992
246,6,31,90,95,1131
92,22,66,200,428,1289
89,93,23,67,286,1633
49,150,66,23,428,1610
138,125,111,38,2216,1340
177,182,29,82,2216,1886
2,25,269,268,2327,2059
166,162,119,120,95,1011
214,120,66,67,428,1633
160,118,112,38,2686,1340
141,262,29,29,2949,1378
82,1,65,200,946,1768
4,56,66,67,1065,1992
132,111,67,67,1543,1992
101,7,90,268,1610,2059
103,9,160,160,214,851
120,39,65,23,149,1610
171,30,23,68,126,1700
210,64,23,67,126,1992
83,213,23,23,286,1520
61,60,23,23,286,1610
51,47,66,68,428,1700
116,10,38,111,2446,1378
118,180,39,38,2647,1340
68,172,82,29,1407,1857
13,52,201,23,2395,1520
101,33,29,82,2686,1886
81,91,202,24,2596,1968
12,122,41,121,54,1489
156,1,67,200,517,1768
101,200,29,29,1378,1378
209,167,29,29,2686,1378
13,207,252,29,3148,1378
265,189,23,68,923,1700
266,212,23,67,1042,1992
237,163,23,68,1520,1700
71,116,202,67,2596,1633
185,45,29,29,2837,1857
8,220,199,23,652,1520
166,161,21,21,1886,1407
150,108,24,68,1968,1221
144,219,23,23,1131,1610
189,100,90,90,1610,1610
28,219,202,23,2596,1610
61,26,91,268,1968,2059
11,173,31,90,374,1131
181,218,61,61,2737,1428
178,117,22,61,3063,1428
46,21,89,90,1042,1610
125,12,68,200,1700,1768
111,214,149,51,1819,1768
133,137,85,29,3063,1857
137,86,51,51,652,1289
67,41,67,68,1154,1221
156,243,112,38,2484,1340
158,126,38,111,1340,1857
186,202,67,23,1992,1610
157,54,29,29,2686,1857
158,175,112,38,2837,1819
31,11,88,268,126,2059
74,86,120,120,1011,1011
10,205,149,51,1340,1289
151,16,67,200,1992,1289
161,168,51,51,2127,1289
200,232,51,51,2395,1289
51,15,23,200,1610,1768
82,167,82,29,1886,1857
17,89,65,200,149,1289
86,0,31,268,374,1221
89,176,199,67,652,1543
155,134,67,68,517,1700
236,94,21,61,2245,1428
65,172,202,68,2596,1221
104,227,67,23,1992,1520
239,98,23,68,494,1221
5,80,199,23,652,1610
53,10,31,268,1011,1221
101,95,90,90,1131,1131
84,36,90,90,1610,1131
22,133,269,90,2327,1131
13,11,268,268,1700,2059
41,45,214,214,0,0
52,5,23,200,405,1289
31,42,61,21,2737,1407
128,200,63,61,3085,1428
188,124,68,68,2059,1700
84,108,22,21,2978,1886
174,123,67,24,1633,1968
9,105,41,120,54,1011
160,38,110,38,741,1340
94,6,22,61,2513,1428
142,131,68,68,1700,1700
190,152,68,23,2327,1610
243,129,29,82,2949,1886
6,226,66,68,428,1221
104,215,23,23,126,1610
89,180,65,67,149,1633
171,25,31,268,374,1700
140,22,31,268,374,2059
13,20,31,268,892,1700
6,232,29,29,2484,1857
52,114,31,31,255,1489
248,22,41,120,851,1011
81,6,200,68,1768,1221
162,177,112,38,2837,1340
62,199,61,61,2888,1428
89,70,67,200,1154,1768
247,43,23,24,1042,1968
142,16,67,200,1543,1768
32,45,91,31,1968,1489
109,17,67,200,1992,1768
228,149,39,111,2798,1857
2,216,252,29,3148,1857
9,116,67,24,1543,1968
0,47,267,31,584,1489
47,206,23,24,494,1968
180,176,68,24,584,1968
95,12,68,68,1700,1221
61,44,51,51,1768,1289
204,58,41,121,851,1489
228,210,66,68,1065,1700
226,23,67,23,1154,1610
181,99,111,38,1857,1819
53,46,149,51,2178,1768
2,110,67,67,1633,1992
138,20,90,268,494,2059
124,218,38,38,1340,1340
195,216,90,31,1131,1489
231,26,31,268,1011,1700
35,0,23,200,1520,1768
24,0,119,120,255,1011
160,76,65,68,309,1221
196,180,65,24,149,1968
81,138,22,21,3063,1407
128,251,82,29,2245,1857
83,25,51,149,2596,1819
184,13,31,268,95,1221
71,117,66,23,428,1520
107,24,160,160,851,851
201,88,31,90,1011,1131
96,164,89,90,1042,1131
70,52,67,200,1154,1289
94,187,68,23,2059,1610
91,134,201,68,2395,1700
44,3,90,268,1520,2059
78,206,23,68,405,1700
135,192,31,91,374,1968
13,155,29,29,2484,1378
129,184,83,29,2866,1378
120,14,31,91,892,1968
9,162,65,24,946,1968
156,193,89,31,405,1489
225,64,31,90,374,1520
82,20,66,67,428,1543
24,157,268,90,2059,1131
87,211,67,67,1992,1633
17,182,23,68,405,1221
232,25,31,268,95,2059
16,29,68,67,584,1543
126,109,23,68,1042,1221
61,30,23,200,923,1768
206,184,23,68,1042,1700
198,192,29,82,1378,1886
69,191,21,61,1886,1907
38,135,252,82,3148,1886
39,58,23,68,126,1221
212,157,65,23,309,1610
249,75,23,23,405,1520
236,183,28,82,741,1886
202,113,82,82,1407,1407
0,143,23,68,1610,1700
45,172,200,68,1768,1700
31,138,61,21,2535,1886
138,12,88,90,126,1131
137,75,67,68,517,1221
151,232,29,29,2837,1378
243,50,22,21,2513,1886
61,33,22,61,2715,1907
43,62,23,200,286,1289
20,160,267,90,584,1131
146,10,67,67,517,1543
59,45,21,61,1886,1428
173,171,68,68,2327,1221
92,244,114,38,2949,1340
105,132,68,23,1221,1610
26,264,200,23,1768,1520
69,61,200,67,1768,1543
128,94,24,23,1968,1520
151,198,51,51,2127,1768
14,12,268,268,2059,2059
186,216,23,67,126,1633
211,171,31,90,255,1520
15,4,68,200,1221,1289
102,100,91,91,1968,1968
51,109,54,160,0,851
81,44,202,23,2596,1520
212,220,68,67,2059,1633
60,53,200,67,1768,1992
148,138,88,31,286,1489
129,81,23,200,286,1768
85,70,200,68,2127,1221
74,108,22,21,2866,1407
199,52,29,82,1857,1886
207,143,31,91,1489,1968
45,30,88,90,286,1131
148,125,67,67,517,1992
83,187,199,24,652,1968
143,129,31,90,1011,1610
21,214,65,67,946,1992
27,37,39,38,2798,1819
148,24,63,61,3000,1907
11,86,68,68,584,1700
28,86,68,23,1700,1520
220,273,21,21,1886,1886
66,163,199,67,652,1633
54,184,51,51,1289,1768
195,11,29,29,2216,1857
16,154,85,29,2978,1857
6,63,121,120,1489,1011
149,187,29,82,2484,1407
76,199,23,24,126,1968
80,205,23,67,286,1543
163,194,31,31,374,1489
27,88,68,200,584,1768
147,4,85,29,3063,1378
3,0,268,31,1221,1489
154,132,51,149,1289,1819
17,11,88,268,923,2059
56,95,66,24,1065,1968
14,161,200,23,2127,1520
178,92,38,38,2446,1819
142,146,22,61,2866,1907
21,35,68,24,2327,1968
189,26,65,67,309,1633
117,56,66,24,428,1968
34,131,67,68,1992,1221
101,41,83,29,2513,1378
143,50,64,21,3148,1407
57,171,188,61,3212,1428
118,23,88,268,286,2059
9,217,51,51,1289,1289
24,78,268,90,1700,1131
167,11,82,29,1886,1378
9,58,29,82,1857,1407
194,169,67,68,1154,1700
52,78,150,51,2446,1768
52,12,160,160,54,851
114,161,21,21,769,1407
40,134,23,67,405,1543
34,82,199,68,652,1700
21,76,268,90,1221,1131
107,160,38,111,2178,1857
41,30,201,23,2395,1610
253,16,22,61,2513,1907
166,86,114,38,2949,1819
152,111,90,90,494,1131
135,1,65,200,309,1768
91,266,67,23,517,1520
73,171,38,38,1819,1340
215,188,22,61,2866,1428
64,2,119,121,892,1489
189,0,24,68,1968,1700
10,78,83,29,2866,1857
200,107,23,67,1520,1992
11,153,21,21,769,1886
155,77,51,149,2127,1340
118,157,68,67,1221,1633
39,158,90,90,1520,1610
164,193,29,82,2484,1886
229,187,63,21,3000,1886
37,7,85,82,3063,1886
141,61,148,51,703,1289
119,160,61,61,790,1428
112,189,148,51,703,1768
128,71,68,200,2059,1289
116,229,85,29,2978,1378
195,93,23,200,494,1289
25,162,28,82,741,1407
185,14,41,121,214,1489
45,117,67,23,517,1610
25,158,68,23,584,1610
156,14,31,268,892,2059
71,81,61,61,2737,1907
77,10,119,120,892,1011
59,66,39,111,2647,1378
99,87,39,38,2798,1340
148,85,39,111,2798,1378
160,79,68,200,584,1289
44,77,65,68,309,1700
264,60,23,23,494,1610
263,4,23,68,1131,1221
101,226,22,61,2715,1428
184,22,90,31,1610,1489
4,91,200,68,2127,1700
135,70,68,24,1700,1968
184,152,65,68,149,1221
85,129,65,68,149,1700
152,28,23,68,286,1700
98,1,31,91,255,1968
139,143,38,38,2446,1340
16,202,268,31,1700,1489
35,28,31,90,95,1610
127,239,68,23,584,1520
219,44,51,149,1768,1340
173,90,22,21,2978,1407
21,71,82,82,2245,1886
11,139,51,51,2395,1768
12,186,151,51,2647,1768
137,195,83,29,2715,1378
122,140,31,90,892,1610
71,45,51,149,2127,1819
121,99,83,29,2513,1857
36,5,51,149,652,1819
117,16,89,268,405,2059
169,81,111,38,1378,1340
182,257,21,21,1407,1886
144,62,67,200,1633,1768
145,5,38,111,703,1857
258,43,24,200,1968,1768
33,114,51,149,2395,1819
188,78,67,24,517,1968
39,96,82,29,1407,1378
127,229,149,51,1819,1289
26,98,22,61,2978,1428
195,34,23,200,1131,1768
79,10,29,29,1378,1857
0,116,90,90,1610,1520
179,56,51,149,1768,1819
64,32,201,67,2395,1543
156,162,22,21,2866,1886
105,20,31,268,1489,2059
28,62,200,24,1768,1968
103,62,31,90,374,1610
106,38,66,200,428,1768
156,33,110,38,741,1819
71,192,68,68,2327,1700
12,163,202,68,2596,1700
205,134,29,29,2949,1857
93,31,23,24,1610,1968
42,29,65,200,309,1289
42,11,89,90,405,1131
44,131,38,111,1340,1378
34,28,21,21,2245,1407
162,99,111,38,1378,1819
171,0,31,268,1489,1700
145,253,23,24,1520,1968
151,92,31,90,255,1131
159,92,65,200,149,1768
185,212,65,67,149,1992
188,10,23,23,494,1520
3,120,51,51,652,1768
67,89,23,24,405,1968
166,57,23,68,1131,1700
188,17,89,268,1042,2059
56,88,200,67,1768,1633
223,196,39,38,2647,1819
163,93,22,61,2978,1907
87,186,202,67,2596,1992
43,205,23,68,286,1221
95,69,199,68,652,1221
0,215,23,67,494,1543
84,172,68,67,1700,1543
203,104,68,67,2327,1543
45,218,66,68,1065,1221
26,39,68,23,2327,1520
140,216,151,51,2798,1768
77,9,201,67,2395,1992
198,194,65,67,309,1543
139,237,111,38,1857,1340
203,82,38,111,1819,1378
86,102,61,61,1428,1907
176,19,68,200,2059,1768
129,39,29,82,1378,1407
68,217,201,68,2395,1221
233,159,29,82,2686,1407
179,122,68,67,1221,1543
171,174,23,67,1131,1633
99,151,61,21,1428,1886
219,80,38,111,1819,1857
89,15,200,67,2127,1633
34,126,201,67,2395,1633
56,9,31,268,95,1700
135,14,68,67,584,1633
242,12,23,200,1131,1289
121,24,68,68,1221,1221
128,242,63,21,3085,1407
19,77,90,90,1131,1520
214,130,24,67,1968,1633
120,153,68,24,2059,1968
155,9,18,149,584,1340
101,146,23,67,494,1543
197,50,23,68,494,1700
74,259,82,29,769,1857
147,201,61,21,790,1886
137,121,119,120,892,1011
6,124,51,149,2127,1340
252,162,22,21,2978,1407
35,38,23,68,1610,1700
40,141,68,24,2327,1968
5,204,17,51,149,1289
271,12,18,149,1992,1340
235,227,29,29,2949,1378
70,85,29,82,1378,1886
181,220,23,24,1042,1968
235,12,23,200,1610,1768
240,167,29,82,1857,1886
62,93,18,51,2327,1768
164,82,61,21,2888,1886
205,49,68,67,2327,1992
251,182,18,51,584,1289
76,152,41,121,54,1489
166,267,48,18,166,1633
50,241,65,24,149,1968
94,0,31,268,1011,1221
179,167,23,68,1131,1221
10,165,29,82,1378,1407
237,59,51,149,2596,1340
261,100,23,68,1131,1700
172,181,48,18,963,1992
117,97,68,67,1700,1543
112,110,149,51,1819,1768
47,16,201,23,2395,1610
111,101,39,38,2647,1819
91,90,17,50,309,1718
175,44,23,67,405,1543
79,185,49,49,535,1651
90,96,29,82,1857,1407
15,133,39,111,2798,1378
55,13,49,149,1082,1819
251,126,18,50,1154,1718
2,102,66,24,1065,1968
210,117,18,149,1700,1819
82,108,18,49,2059,1561
132,259,150,18,2446,1543
137,197,61,61,2737,1907
26,49,202,24,2596,1968
60,81,31,90,95,1131
29,41,199,68,652,1221
92,240,82,29,769,1378
156,54,49,18,445,1633
54,222,18,18,584,1700
129,174,61,61,2266,1428
92,97,90,90,1131,1520
228,129,50,18,1239,1543
70,101,51,18,1289,1543
128,122,51,49,1289,1561
50,125,50,18,1239,1700
165,66,31,90,1489,1610
56,234,151,49,2798,1561
131,9,149,18,1819,1992
218,35,23,68,405,1221
191,129,23,67,494,1992
107,2,50,49,1239,1651
92,140,82,29,1407,1857
84,174,90,90,1610,1520
23,141,24,67,1968,1543
238,163,18,18,2327,1633
9,217,50,51,2345,1768
106,115,83,29,2513,1857
152,108,61,21,2535,1886
108,167,149,49,1819,2010
162,213,18,49,517,1561
197,189,68,23,584,1610
60,166,67,24,517,1968
32,17,200,68,1768,1221
39,129,68,23,1221,1520
30,20,149,18,1340,1633
23,23,89,268,1042,2059
15,203,149,49,1819,1651
108,65,68,23,2059,1610
80,35,39,38,2798,1819
7,219,51,49,2127,2010
86,130,150,18,2446,1992
36,15,23,23,286,1520
143,138,22,61,3063,1428
31,126,149,18,1819,1633
117,66,51,149,1768,1819
22,55,29,29,2484,1857
133,45,29,82,2837,1886
189,251,23,24,1610,1968
137,37,23,200,126,1289
176,40,31,90,255,1520
163,49,65,23,309,1610
242,225,23,67,286,1633
241,258,23,24,405,1968
219,37,17,149,1065,1340
72,3,90,268,1610,1221
213,108,29,29,1857,1378
99,59,24,200,1968,1289
165,99,61,61,2535,1428
91,94,61,61,2737,1428
93,145,149,49,2178,1561
174,37,112,38,2837,1819
205,158,38,38,703,1340
143,90,21,61,769,1428
185,16,23,23,126,1610
61,220,21,61,769,1907
45,53,199,24,652,1968
5,210,200,68,2127,1221
137,157,38,38,1340,1819
190,46,23,67,1610,1992
190,25,18,18,517,1700
111,77,23,68,1042,1221
81,220,67,68,1992,1221
106,214,29,29,2686,1378
19,229,188,61,3212,1428
110,86,48,149,963,1819
143,120,149,18,1340,1543
104,91,23,200,1042,1768
170,103,18,49,1154,1651
76,111,18,49,1221,1651
86,73,51,149,2395,1819
156,51,48,149,326,1340
235,137,38,38,1340,1340
124,28,18,51,2059,1289
158,27,22,61,2715,1428
148,135,63,61,3000,1428
95,84,23,200,1520,1768
236,72,18,18,2059,1543
230,28,29,29,2216,1857
93,129,151,18,2798,1700
105,62,23,200,126,1768
17,101,50,18,602,1633
62,3,88,268,286,2059
46,22,31,268,374,2059
161,38,23,24,494,1968
151,54,49,149,1172,1340
47,2,111,38,1857,1340
28,223,18,51,1700,1768
0,127,61,61,2535,1907
152,84,67,24,1543,1968
8,6,268,268,2059,2059
164,132,65,23,149,1610
191,65,66,24,428,1968
166,19,49,18,535,1992
124,106,85,29,3063,1378
65,96,49,149,1651,1819
32,72,201,23,2395,1520
64,116,68,24,1700,1968
47,17,49,18,535,1633
29,130,51,18,652,1633
211,58,23,67,1131,1633
10,70,61,61,1428,1907
109,119,90,90,1610,1610
148,28,114,38,2949,1819
63,102,18,18,1543,1992
87,180,49,49,1561,2010
158,26,21,21,769,1407
131,211,65,68,149,1700
75,19,17,18,309,1700
5,20,17,49,428,2010
50,252,68,24,584,1968
29,197,91,90,1968,1131
178,52,24,68,1968,1221
187,8,49,49,1082,2010
189,127,51,51,652,1768
8,18,31,90,1011,1131
155,111,61,21,2266,1407
34,103,51,149,2395,1340
192,27,18,149,1633,1819
116,138,38,38,1819,1819
11,158,200,23,2127,1520
92,165,151,18,2647,1633
97,41,18,149,2327,1819
137,209,49,49,445,2010
21,0,267,268,584,2059
176,68,50,51,2345,1289
28,65,39,111,2647,1378
18,223,63,21,3000,1407
209,162,48,51,963,1768
159,144,66,68,1065,1700
27,194,17,49,1065,2010
74,122,68,23,1700,1520
117,47,18,149,1992,1819
17,90,150,51,2446,1768
66,53,151,50,2647,1718
54,130,151,51,2798,1768
135,18,31,268,255,1221
30,45,17,149,309,1340
160,105,18,149,517,1340
109,138,17,149,149,1819
69,6,17,18,428,1543
36,173,18,49,517,1651
130,275,18,18,584,1633
74,41,29,82,2484,1407
208,2,31,268,892,1700
105,100,149,18,1340,1700
136,111,51,50,1768,1718
60,158,21,21,1886,1886
11,250,68,23,2059,1520
78,130,149,51,2178,1768
61,161,68,67,1700,1992
19,71,50,149,602,1340
229,210,61,21,790,1407
93,201,21,21,769,1886
147,16,51,18,652,1992
83,1,120,121,1011,1489
8,30,269,31,2327,1489
22,94,49,51,2010,1768
23,18,38,111,2446,1857
218,123,41,120,54,1011
5,170,31,90,374,1131
125,137,31,31,374,1489
91,213,49,51,2010,1289
235,149,21,61,2245,1428
143,141,22,61,2513,1428
37,188,151,51,2798,1289
168,8,50,49,1239,1561
155,64,23,23,1131,1610
111,35,22,61,2978,1907
111,30,38,111,703,1378
151,238,17,51,149,1768
193,208,23,68,286,1700
77,227,18,49,584,1651
64,89,49,149,2010,1340
150,52,50,149,2345,1340
10,109,18,49,1633,2010
54,72,200,24,1768,1968
213,146,17,149,149,1340
124,109,110,38,741,1340
36,183,28,29,741,1378
82,265,49,18,535,1700
164,267,50,18,602,1700
81,83,61,21,1907,1407
35,106,50,51,2077,1289
137,91,89,90,1042,1610
174,110,50,50,1239,1718
262,199,21,61,1407,1907
64,13,88,268,923,2059
128,43,67,23,1992,1610
229,200,18,18,2059,1633
63,217,149,50,2178,1718
37,59,51,49,2596,1651
7,246,63,21,3000,1886
132,77,65,68,309,1221
138,89,23,200,286,1289
80,2,48,51,326,1768
150,101,23,23,405,1520
165,38,23,67,494,1633
1,114,148,50,703,1718
167,211,51,49,1289,1651
249,131,18,18,1154,1700
77,204,18,51,1221,1768
42,105,61,61,1907,1907
42,125,149,18,2178,1633
107,178,85,29,2978,1857
261,21,31,268,255,2059
134,60,31,91,374,1968
67,131,18,149,1543,1819
157,126,49,18,1561,1992
130,19,91,268,1968,2059
30,183,28,82,741,1407
233,51,48,149,166,1819
130,112,17,49,309,1651
17,172,148,51,703,1768
195,92,90,90,1610,1131
192,19,38,38,2446,1340
64,151,188,21,3212,1407
51,76,49,51,1172,1768
177,251,111,38,1857,1819
52,241,67,24,1633,1968
65,233,151,49,2647,2010
123,211,151,18,2798,1992
68,237,48,50,326,1718
205,145,31,90,374,1610
264,186,18,18,517,1633
157,223,51,50,652,1718
17,116,50,149,602,1819
255,39,29,29,1378,1378
31,203,202,68,2596,1221
3,145,64,21,3148,1407
192,39,23,200,405,1289
190,101,48,49,326,1561
74,142,18,18,517,1543
149,82,17,51,428,1768
4,79,51,149,652,1819
97,82,41,120,851,1011
175,168,38,38,1819,1340
236,178,18,18,1221,1543
89,111,23,68,1042,1700
170,42,23,24,923,1968
207,162,68,23,2327,1520
155,128,38,111,2178,1857
237,5,17,51,309,1289
152,229,65,23,309,1520
74,182,18,51,517,1768
150,169,83,29,2513,1378
223,86,67,23,1154,1610
88,15,65,24,946,1968
27,204,149,18,1819,1543
209,262,82,29,2245,1857
267,227,18,18,1633,1992
10,72,214,214,0,0
24,170,23,67,126,1992
83,90,50,51,602,1768
278,45,17,18,428,1992
26,53,252,29,3148,1378
175,48,23,200,923,1768
58,91,17,149,946,1819
153,122,38,111,1819,1857
266,178,18,49,1543,2010
13,55,160,160,214,851
160,84,17,49,428,1561
189,169,23,23,405,1610
94,179,51,49,652,2010
74,150,201,68,2395,1221
154,242,29,29,2484,1378
173,91,22,21,2513,1407
235,198,29,82,2949,1407
22,53,49,51,1651,1768
110,122,49,149,2010,1819
159,243,85,29,3063,1857
85,141,89,90,405,1131
207,20,31,90,255,1610
116,153,49,51,1082,1289
135,83,151,51,2647,1768
82,64,51,49,2596,2010
202,163,41,120,214,1011
217,93,48,49,166,1651
157,159,23,24,126,1968
258,30,31,31,255,1489
191,46,49,149,535,1819
75,25,38,38,2178,1340
216,9,29,82,2686,1407
190,208,64,61,3148,1428
208,107,31,90,1011,1610
184,133,50,51,1718,1768
129,110,50,149,1718,1819
67,15,50,18,2077,1543
81,164,151,49,2798,1651
34,57,68,68,2327,1700
242,162,49,51,535,1768
108,153,120,120,1011,1011
101,108,82,29,1407,1378
58,208,29,29,2837,1378
58,117,51,149,1289,1819
123,3,23,68,1520,1700
104,217,18,51,1543,1768
57,223,51,51,1768,1768
75,20,29,82,2216,1886
224,173,51,51,652,1289
28,217,48,49,326,1651
215,4,51,18,652,1543
53,4,148,18,703,1633
54,245,18,18,584,1992
81,1,31,91,1011,1968
8,30,268,31,1700,1489
171,254,68,23,1700,1610
67,164,61,21,2737,1886
210,227,22,21,2978,1886
126,212,51,49,1768,2010
102,165,151,49,2798,2010
12,78,23,67,126,1633
141,184,17,49,309,1561
146,126,31,90,374,1520
137,74,49,49,445,1561
162,95,49,149,1082,1340
236,157,29,82,2837,1407
150,33,51,18,2127,1700
216,145,50,149,2345,1819
189,25,90,268,1610,2059
23,103,49,149,445,1340
234,11,31,90,95,1610
97,216,48,51,166,1768
12,15,23,200,1131,1289
168,55,18,149,1700,1340
101,230,29,29,1378,1857
218,113,49,18,1082,1992
198,83,90,90,1520,1610
147,171,39,111,2647,1857
99,4,61,61,2888,1907
93,129,51,18,2395,1992
118,192,23,68,126,1221
143,143,49,18,445,1543
123,23,50,18,602,1992
28,32,89,90,1042,1131
21,75,50,149,1718,1340
129,148,49,18,1172,1700
71,204,18,50,1221,1718
178,127,51,50,2596,1718
1,99,83,29,2866,1857
73,25,121,120,1489,1011
31,58,18,51,2327,1289
18,179,23,68,923,1700
137,83,49,18,1172,1633
216,47,38,38,2446,1819
80,240,150,49,2446,2010
56,111,54,160,0,851
81,145,49,51,445,1289
151,12,88,31,286,1489
216,62,50,49,602,1561
174,53,51,51,1289,1289
178,187,51,51,2127,1289
80,103,114,38,2949,1340
140,94,63,61,3085,1428
228,242,49,51,1082,1768
50,153,200,23,2127,1610
89,254,150,18,2446,1633
17,254,29,29,2686,1857
197,54,85,82,3063,1886
16,31,49,49,1651,2010
60,42,160,160,54,851
107,30,23,200,286,1768
225,11,23,67,405,1633
192,134,50,51,1239,1289
117,232,50,51,1718,1289
137,132,51,149,1768,1340
233,47,18,149,1154,1819
194,150,49,51,1561,1768
46,83,51,49,2127,1651
33,161,22,61,2715,1907
152,4,31,268,95,1700
98,215,48,18,326,1700
220,33,61,61,790,1907
66,204,200,68,1289,1221
189,219,18,51,1221,1289
93,92,149,51,1340,1768
150,141,18,51,1992,1768
128,119,91,91,1968,1968
36,96,88,90,126,1131
156,103,18,49,584,1561
204,192,28,82,741,1886
62,112,160,160,851,851
101,180,21,21,2245,1407
130,26,61,21,2888,1407
178,241,18,18,1221,1633
148,78,111,38,1378,1819
64,31,67,67,1992,1543
22,108,48,18,326,1543
211,123,50,49,602,2010
229,95,18,149,1221,1819
136,81,90,31,1610,1489
138,66,23,200,494,1768
181,165,38,111,703,1857
171,196,90,90,1131,1131
0,186,151,51,2647,1289
82,185,22,61,2978,1428
84,201,151,18,2647,1543
16,232,149,49,2178,2010
136,120,17,51,428,1289
156,88,23,67,286,1543
132,211,90,31,494,1489
70,185,68,23,584,1520
72,218,66,23,428,1610
240,118,18,149,517,1819
212,171,49,49,535,2010
162,2,90,268,494,2059
68,83,22,21,3063,1407
245,236,48,49,963,2010
88,267,51,18,2127,1543
106,95,22,21,2866,1886
3,126,17,49,149,1651
8,68,18,49,517,2010
41,221,111,38,1378,1340
25,144,269,90,2327,1131
194,186,50,18,1239,1633
75,19,51,50,1289,1718
77,139,31,91,892,1968
245,261,17,18,1065,1992
51,110,149,18,1819,1700
119,94,91,31,1968,1489
167,235,50,18,2077,1633
94,65,18,18,1992,1700
129,227,51,18,1768,1992
223,205,67,23,517,1610
75,151,49,50,535,1718
43,225,83,29,2866,1378
70,70,68,23,1221,1610
54,226,18,51,1154,1768
159,249,51,18,1768,1543
119,158,51,18,2596,1543
147,61,50,49,2077,1651
11,16,82,82,2245,1886
28,200,252,29,3148,1857
15,25,269,268,2327,2059
47,173,119,120,255,1011
112,116,110,38,741,1819
13,106,268,90,1221,1131
165,11,51,51,1768,1289
240,199,29,82,2216,1407
234,193,22,21,2866,1407
93,27,63,21,3085,1407
142,222,17,51,946,1768
17,237,149,49,1340,1561
190,15,23,200,1131,1768
213,237,18,18,1221,1700
156,197,50,49,2077,1561
30,114,151,18,2647,1700
34,149,201,24,2395,1968
91,24,48,51,166,1289
127,127,18,51,1700,1289
119,67,18,149,2327,1340
118,102,61,21,2535,1407
167,99,88,90,923,1610
28,195,149,50,1819,1718
44,68,48,18,326,1633
193,162,51,18,652,1700
5,10,17,51,1065,1289
155,60,38,111,1819,1378
42,66,90,31,1131,1489
46,234,51,18,1768,1700
260,113,21,61,1886,1907
63,168,51,49,2127,1561
101,89,24,200,1968,1768
90,7,112,38,2484,1819
59,45,151,50,2798,1718
43,87,252,82,3148,1886
181,25,66,23,428,1520
146,44,67,23,517,1520
251,191,22,21,2715,1407
16,19,200,23,1289,1610
209,167,51,49,2395,2010
241,21,23,68,126,1700
214,204,28,29,741,1857
101,7,39,38,2647,1340
86,91,112,38,2686,1340
39,80,49,49,1172,1651
29,67,49,149,1172,1819
237,190,51,51,1289,1768
21,169,150,49,2446,1651
20,153,90,90,494,1131
114,78,49,149,535,1340
28,118,18,50,584,1718
12,145,29,29,1857,1857
21,174,82,29,1886,1857
216,163,51,18,2395,1633
174,109,17,149,428,1340
70,189,89,31,405,1489
65,149,17,49,428,1651
241,155,18,49,584,2010
10,54,68,68,1221,1221
60,29,68,68,1700,1221
77,200,149,51,2178,1289
47,48,200,23,1768,1520
17,92,67,68,1543,1700
208,212,51,18,2596,1633
15,130,51,51,2596,1768
265,109,22,61,2866,1907
242,87,17,51,309,1768
17,166,88,91,286,1968
174,44,50,149,1239,1340
173,228,21,61,1886,1428
29,204,112,38,2837,1340
103,145,151,18,2798,1543
76,131,51,18,2127,1633
119,133,149,49,2178,1651
165,163,68,23,2327,1610
42,63,200,24,2127,1968
252,17,17,149,309,1819
171,82,48,149,326,1819
164,20,23,200,1042,1289
185,17,18,149,1221,1340
50,154,149,51,1340,1289
55,222,82,29,2245,1378
48,100,50,51,1239,1768
233,169,17,49,946,2010
222,18,23,67,1042,1992
102,112,51,49,1768,1561
218,55,50,18,2345,1633
36,16,31,268,95,1221
61,214,51,49,652,1651
229,88,18,51,1154,1289
154,6,17,18,946,1992
12,109,24,67,1968,1633
165,60,38,38,2178,1819
188,39,51,51,2395,1768
260,206,29,82,2686,1886
37,101,68,68,584,1221
195,143,49,51,445,1768
242,32,38,111,2178,1378
0,6,68,67,1700,1633
64,57,23,68,286,1221
22,254,17,18,149,1633
241,12,49,49,445,1651
2,55,23,23,494,1610
216,40,18,50,517,1718
222,67,22,61,2866,1428
51,194,51,49,1768,1651
91,78,24,23,1968,1520
172,39,18,50,1992,1718
173,202,49,50,2010,1718
57,119,23,67,405,1992
204,59,50,49,2345,1561
28,211,51,49,2395,1561
30,30,24,68,1968,1700
66,192,51,50,2127,1718
196,128,39,111,2798,1857
218,213,66,68,1065,1221
8,85,49,51,1172,1289
49,134,149,49,1340,1651
182,28,22,61,2513,1907
116,87,83,29,2715,1857
3,25,90,268,1520,2059
39,167,119,120,95,1011
8,197,268,90,2059,1131
101,69,41,121,851,1489
114,49,49,149,1561,1819
51,88,151,18,2798,1633
94,137,49,18,1651,1992
10,163,49,51,535,1289
88,59,51,149,652,1340
98,246,148,18,703,1543
20,68,199,23,652,1610
61,63,82,82,1407,1407
140,129,29,29,2216,1378
59,154,51,18,1768,1633
177,82,61,21,1907,1886
73,18,112,38,2686,1819
154,198,29,82,2949,1886
65,127,51,149,1289,1340
118,262,83,29,2715,1378
208,69,65,68,946,1700
20,151,49,50,1172,1718
71,18,50,18,2345,1543
100,41,49,18,2010,1700
89,55,22,21,2715,1886
17,222,149,18,2178,1992
206,26,23,23,286,1610
14,165,267,31,584,1489
182,91,49,49,535,1561
136,142,17,149,428,1819
38,38,148,18,703,1700
236,215,18,51,584,1768
126,267,61,21,2737,1407
62,6,51,18,1289,1700
76,63,67,67,1992,1633
263,184,31,90,255,1131
3,64,267,90,584,1131
197,106,67,68,517,1221
2,235,17,18,309,1543
126,25,31,268,374,1700
104,65,49,18,445,1992
118,45,18,18,1154,1633
54,163,29,82,2484,1886
30,87,51,149,2596,1819
177,114,48,149,166,1340
147,225,65,67,149,1992
65,148,199,23,652,1520
63,101,17,18,428,1633
212,92,23,68,405,1700
145,106,50,49,602,1651
13,83,268,90,1700,1131
37,72,31,90,892,1610
13,167,121,121,1489,1489
218,72,18,51,1633,1768
38,24,149,18,2178,1543
76,82,150,49,2446,1561
19,30,51,49,2596,1561
270,124,23,67,1520,1992
137,28,66,68,428,1221
229,24,31,268,95,2059
141,24,38,38,703,1819
218,81,50,149,2077,1340
82,98,68,68,1700,1700
197,141,51,18,2395,1543
62,225,24,23,1968,1610
4,16,268,268,1700,2059
166,30,61,61,790,1428
107,17,119,121,95,1489
62,102,68,68,2059,1221
49,8,200,23,1289,1520
103,32,149,50,1340,1718
190,33,38,111,1340,1857
53,212,61,21,1428,1886
189,116,29,29,2837,1857
133,54,65,68,149,1221
225,233,48,51,326,1289
74,160,51,51,2596,1289
76,215,18,49,1221,1561
199,45,50,149,1239,1819
171,235,18,49,2059,1651
28,200,68,68,2059,1700
76,259,68,24,2059,1968
107,4,31,268,374,1221
251,26,31,268,255,1700
266,26,23,23,494,1520
232,89,50,18,602,1543
227,75,23,200,405,1768
92,64,148,49,703,2010
249,2,21,21,1886,1407
213,134,39,38,2798,1340
109,196,85,29,2978,1378
18,198,268,31,1221,1489
181,0,31,268,1011,1700
5,23,68,200,2059,1768
76,53,23,200,494,1289
9,97,18,18,584,1543
57,149,149,51,1819,1289
271,88,18,51,1992,1289
135,87,111,38,2216,1340
41,20,61,61,2888,1428
196,14,31,268,892,2059
15,197,200,23,1768,1610
76,27,23,24,1520,1968
34,136,68,67,2059,1992
192,213,51,18,2596,1992
81,104,31,91,95,1968
35,143,17,18,309,1633
66,202,148,49,703,1651
205,19,50,50,602,1718
198,141,18,149,584,1819
18,162,31,91,255,1968
202,25,89,268,405,2059
70,29,18,149,1154,1340
96,32,51,49,2395,1651
166,264,51,18,2596,1700
89,18,88,268,126,2059
225,23,51,49,652,1561
0,223,148,49,703,1561
190,81,38,111,1340,1378
70,12,38,111,2446,1378
162,135,119,121,892,1489
253,42,17,51,1065,1768
122,4,31,268,1489,1700
209,46,67,68,1633,1700
0,4,18,18,2327,1543
195,184,23,68,494,1221
238,165,41,121,214,1489
222,248,18,18,517,1992
138,198,51,51,2395,1289
109,43,150,51,2446,1289
146,82,23,67,923,1992
51,138,67,23,1992,1520
79,28,202,23,2596,1520
147,159,51,51,2127,1768
132,118,51,149,2127,1819
24,118,151,49,2647,1651
111,98,120,120,374,1011
0,44,18,51,517,1289
24,34,50,51,602,1289
159,45,66,68,428,1700
68,158,82,29,1886,1378
33,129,61,61,1907,1428
207,73,18,149,2059,1340
84,56,112,38,2484,1340
19,124,21,21,1407,1886
20,16,149,49,1819,1561
14,173,268,31,2059,1489
232,206,18,49,2327,1561
140,125,111,38,2216,1819
34,148,29,29,2949,1857
155,109,49,149,445,1819
108,1,151,49,2647,1561
42,43,149,18,2178,1700
76,18,202,23,2596,1610
141,99,63,61,3000,1907
238,15,31,268,1489,2059
70,52,88,90,286,1131
71,45,148,51,703,1289
227,67,67,68,1154,1221
154,32,17,149,1065,1819
215,232,51,18,1289,1633
16,19,31,268,1011,2059
26,22,201,68,2395,1700
238,57,22,21,2513,1886
3,15,31,91,1489,1968
20,55,51,18,2127,1992
56,20,151,18,2647,1992
28,180,49,18,535,1543
1,134,148,18,703,1992
60,107,68,68,2327,1221
203,183,18,49,2327,1651
134,74,50,49,2345,1651
0,171,65,68,309,1221
161,9,36,38,458,1340
95,66,65,23,149,1610
66,42,23,200,286,1768
72,21,13,13,535,1561
95,37,36,37,458,1782
224,234,36,38,458,1819
116,245,18,49,517,1651
19,142,18,51,584,1768
30,16,45,16,806,1907
144,258,33,33,818,1935
93,203,18,51,1221,1289
159,213,68,68,1700,1221
72,97,68,68,2059,1221
62,137,13,38,2345,1340
18,254,149,18,1340,1543
206,262,49,18,1082,1992
7,83,90,90,1610,1610
262,88,29,82,1857,1886
55,113,149,18,2178,1700
97,81,18,51,2327,1768
126,182,29,82,2686,1886
126,56,31,90,255,1131
273,56,13,14,326,1289
216,231,36,38,548,1340
42,108,13,13,166,1651
50,45,17,49,428,1651
104,176,148,18,703,1700
101,226,114,14,2949,1289
229,171,37,13,1303,1651
83,146,37,37,1252,1731
250,137,37,36,2141,1574
159,4,50,18,2345,1543
171,61,114,13,2949,1561
253,84,37,13,2610,1651
112,6,16,16,2737,1907
169,38,49,49,1651,2010
27,3,268,268,1700,2059
39,147,49,51,535,1289
89,85,28,82,741,1407
265,5,17,51,149,1768
132,247,36,13,548,1651
273,270,18,18,517,1700
2,63,119,120,892,1011
253,178,13,38,1239,1340
118,154,51,51,2395,1289
208,116,51,51,2596,1289
266,196,23,68,923,1700
37,9,90,31,1131,1489
77,141,23,67,1042,1992
13,92,23,68,1610,1700
42,111,50,18,2345,1633
123,252,51,18,2395,1633
136,21,150,18,2446,1633
224,272,14,13,2596,1651
149,16,35,38,339,1340
0,52,12,12,806,1444
23,91,21,21,769,1886
68,48,36,36,548,2023
84,16,112,38,2484,1340
68,148,111,14,1378,1768
121,142,61,61,1428,1907
30,14,38,13,1819,1561
19,159,68,23,2327,1520
102,5,13,36,2345,1574
64,8,51,18,2395,1543
10,6,38,36,2178,1664
151,13,38,37,2178,1731
104,110,37,37,2141,1782
92,94,38,37,2178,1782
165,225,29,29,2484,1857
181,237,83,29,2513,1857
273,42,12,33,2551,1935
110,99,18,18,1543,1992
7,27,91,91,1968,1968
199,104,35,111,179,1378
106,1,31,268,95,2059
170,81,23,200,405,1768
32,221,110,13,741,1718
222,167,28,82,741,1886
206,199,36,13,458,2010
219,158,39,37,2647,1303
67,96,48,51,963,1768
128,211,50,49,1239,1651
75,217,38,38,1340,1819
19,136,38,14,1819,1768
157,31,91,31,1968,1489
121,219,14,36,2127,1574
80,82,37,14,2358,1768
89,250,35,38,179,1340
160,189,35,36,179,1664
58,223,68,23,584,1520
51,91,37,36,615,1664
5,232,36,13,548,1718
138,44,17,149,1065,1340
157,184,61,21,1907,1407
153,17,16,45,1907,1444
105,66,24,200,1968,1289
66,32,45,45,2282,1444
40,129,18,51,2327,1289
47,39,36,38,1095,1819
172,8,89,268,1042,2059
19,224,68,67,1700,1543
46,153,14,36,1768,1574
62,35,149,18,1819,1992
92,1,51,18,2596,1992
136,93,39,13,2647,2010
152,93,23,67,494,1633
50,85,14,13,652,2010
114,106,41,120,851,1011
200,70,18,149,1221,1340
15,120,150,51,2446,1289
130,53,23,200,923,1768
150,165,13,37,1172,1731
156,49,14,37,1289,1731
149,154,111,37,1378,1731
187,34,90,90,1610,1520
36,171,111,13,1857,1718
88,242,112,13,2837,1561
71,133,36,13,2023,1718
122,197,38,38,2446,1819
31,89,63,21,3000,1886
44,26,31,268,255,1221
110,280,13,13,602,1561
102,217,14,37,652,1731
196,21,38,111,703,1857
124,144,37,36,666,2023
147,56,51,18,1289,1543
148,79,14,36,1289,1664
43,169,38,36,1819,1664
34,111,18,149,1633,1819
84,210,22,61,2513,1907
225,238,17,51,309,1289
219,252,36,36,548,1664
79,143,67,24,517,1968
54,196,149,51,1819,1289
53,248,37,38,1782,1340
88,261,82,29,1886,1378
231,183,36,14,2023,1289
48,278,47,16,3165,1428
43,41,37,36,1252,1574
106,149,149,18,1340,1633
116,153,90,90,1520,1610
195,58,13,111,1561,1857
111,116,37,14,1782,1768
238,126,18,49,2059,1561
167,228,111,13,2216,1561
250,197,31,90,374,1131
226,16,31,268,374,1221
38,245,82,29,769,1378
112,215,16,45,790,1444
142,173,31,90,255,1520
120,209,90,31,494,1489
65,242,67,23,517,1610
145,63,14,36,652,1664
48,97,110,14,741,1768
185,111,23,67,494,1992
175,64,29,29,2686,1378
43,49,29,29,2949,1378
240,105,35,12,3225,1444
255,186,37,38,1782,1819
175,138,21,61,1886,1907
49,84,14,13,2596,1561
0,68,14,37,2395,1782
4,27,29,29,2949,1857
16,168,65,67,149,1992
100,32,16,45,790,1923
154,217,82,29,1407,1378
36,241,38,38,1819,1340
100,7,21,61,2245,1428
163,27,17,16,3085,1428
38,198,13,13,1239,1561
167,8,66,24,1065,1968
126,122,149,18,1819,1700
65,181,114,36,2949,1574
85,50,201,68,2395,1700
106,118,112,37,2484,1782
166,54,14,111,2395,1857
130,231,14,14,2596,1768
206,255,14,38,2596,1819
32,70,252,29,3148,1857
7,117,18,18,1633,1992
183,21,51,18,2127,1992
107,69,149,18,2178,1992
246,217,39,36,2647,2023
35,62,50,51,602,1289
141,209,48,51,166,1768
176,99,89,31,405,1489
66,229,112,37,2686,1303
204,117,41,121,851,1489
256,103,17,149,946,1819
64,157,51,18,2596,1543
222,248,29,29,2216,1857
253,33,37,36,2610,1664
43,119,112,13,2686,1651
82,116,114,13,2949,1651
189,149,13,14,2345,1768
272,9,13,36,1561,2023
85,100,200,24,2127,1968
211,247,37,36,2610,2023
210,197,65,24,149,1968
62,29,13,36,445,1664
29,97,13,111,602,1857
86,116,50,18,602,1992
28,42,160,160,851,851
179,173,37,37,2141,1303
135,28,112,38,2837,1340
251,92,33,12,2916,1444
228,10,13,13,1239,1718
186,4,21,61,1407,1907
35,102,23,24,923,1968
142,69,35,36,976,2023
131,223,37,38,2141,1819
144,189,33,12,2916,1923
220,45,29,82,2949,1886
1,63,17,149,309,1340
196,66,23,200,405,1289
108,17,13,111,445,1378
116,168,35,36,339,1664
205,12,31,268,255,1700
84,230,66,23,428,1610
115,214,36,13,458,1651
182,167,13,38,445,1819
168,247,13,36,602,1664
255,211,36,37,548,1731
121,50,68,68,2327,1221
77,60,35,33,3225,1456
9,64,268,31,1221,1489
223,94,37,36,1782,1574
79,8,111,38,1857,1819
27,70,268,31,2059,1489
132,165,13,14,2010,1768
115,131,14,37,2596,1731
159,174,39,13,2798,1718
151,90,67,24,1633,1968
172,27,23,67,1610,1992
20,96,38,36,1819,2023
28,236,49,51,445,1289
105,115,68,68,584,1221
236,89,17,49,149,1651
249,212,13,36,326,1664
224,167,23,67,405,1543
77,114,13,36,602,1574
30,111,13,111,1718,1378
141,106,14,13,1289,1651
93,237,111,13,1378,1651
220,211,65,24,946,1968
253,261,13,14,1718,1768
253,125,38,36,2446,1574
247,14,37,14,2409,1768
78,237,37,38,2610,1819
18,193,17,51,149,1289
250,208,28,29,741,1378
33,55,88,31,286,1489
152,199,66,23,428,1520
129,60,18,49,517,1561
14,202,49,51,1172,1289
77,68,38,38,2178,1340
125,99,37,111,2358,1378
101,276,46,16,3017,1428
147,170,111,36,1378,1664
225,64,13,38,1561,1819
273,224,14,37,1768,1782
56,163,37,111,2358,1857
76,145,14,14,2395,1768
4,211,151,18,2798,1700
214,188,22,21,2715,1886
41,190,36,13,1574,2010
65,179,114,13,2949,2010
190,135,17,149,428,1340
58,56,36,111,458,1378
239,10,31,90,95,1610
77,67,37,13,666,1561
217,189,37,38,615,1819
76,25,36,13,548,2010
90,181,90,90,1131,1131
102,46,45,45,2551,1444
19,174,33,33,2916,1456
169,211,46,16,3102,1428
96,227,13,38,1082,1819
200,108,18,18,2059,1633
103,190,149,18,2178,1633
250,85,38,13,2178,1651
26,153,199,68,652,1221
4,123,23,23,286,1520
104,252,16,16,790,1907
75,78,36,111,1095,1378
82,176,37,38,1303,1340
255,7,22,61,2866,1428
207,190,23,68,1042,1700
188,4,18,50,1221,1718
94,119,149,18,1819,1543
162,231,82,29,1886,1857
206,145,45,16,1923,1907
58,9,68,23,2059,1610
238,23,24,200,1968,1768
136,256,37,36,2409,1664
96,128,112,37,2686,1731
191,10,90,268,1520,2059
198,26,37,13,2141,2010
122,38,111,13,2216,2010
32,184,112,36,2484,2023
125,207,112,36,2686,2023
196,79,13,38,326,1340
9,141,120,120,374,1011
31,114,31,90,374,1520
23,109,13,37,445,1782
10,172,268,90,1221,1131
12,200,67,68,1154,1221
51,148,111,38,1378,1340
191,10,91,90,1968,1131
61,6,14,37,2127,1303
16,164,13,14,1239,1768
164,214,38,37,1340,1782
156,68,51,18,1768,1700
174,153,13,36,2345,1664
108,142,17,45,3000,1923
166,208,13,13,326,1651
194,159,13,13,326,1718
41,77,199,23,652,1520
19,4,38,13,703,1561
10,154,18,50,584,1718
137,137,111,38,2216,1340
160,48,85,29,3063,1378
73,12,17,51,1065,1768
225,46,51,18,2127,1700
174,244,111,13,2216,1718
175,38,82,82,2245,1886
187,17,39,111,2647,1857
154,77,39,14,2798,1768
52,86,111,36,2216,2023
105,118,54,160,0,851
16,203,13,38,535,1340
130,148,17,18,309,1700
252,3,17,50,309,1718
3,140,35,37,339,1782
124,81,23,23,405,1520
143,67,110,13,741,1561
76,48,110,37,741,1782
121,12,51,51,1768,1289
201,221,14,38,1768,1340
208,100,45,16,2904,1428
238,15,17,45,3148,1444
229,80,24,23,1968,1610
10,53,36,37,2023,1782
207,28,35,36,339,1574
20,160,267,31,584,1489
226,59,13,38,535,1819
108,169,37,13,666,1718
28,221,38,38,703,1819
208,9,82,82,1407,1407
243,13,18,149,1992,1340
35,242,188,21,3212,1407
26,69,68,23,1221,1610
66,127,50,49,2077,1651
249,172,37,111,2610,1857
114,40,68,24,1700,1968
73,198,201,24,2395,1968
247,27,23,200,286,1289
31,148,13,37,326,1303
29,26,17,51,428,1768
160,83,37,13,615,1718
66,140,14,38,652,1819
84,74,12,12,806,1923
239,74,12,33,806,1935
212,50,39,111,2798,1378
188,60,36,36,1185,1664
5,119,49,49,1082,2010
76,132,14,38,1768,1819
244,197,29,82,2216,1886
247,226,37,38,2409,1819
149,110,111,13,1857,2010
24,214,13,13,535,1718
210,117,18,149,584,1819
182,125,31,91,374,1968
33,51,90,90,1610,1131
26,240,14,14,2127,1289
177,105,39,14,2798,1289
106,229,63,21,3085,1407
43,166,18,49,1154,1651
157,205,29,29,2837,1857
45,209,151,18,2647,1992
33,266,112,13,2686,2010
238,181,13,111,535,1378
171,0,51,51,652,1289
92,90,21,61,769,1428
188,13,23,67,494,1543
170,191,18,18,517,1543
17,64,38,111,1340,1378
50,6,29,82,1378,1407
54,71,45,16,2551,1428
233,234,12,33,2904,1456
125,63,112,13,2837,1651
196,72,33,33,2765,1935
166,184,39,38,2798,1819
147,169,16,16,2888,1907
228,195,38,13,2446,2010
124,39,160,160,54,851
224,133,31,31,255,1489
24,18,35,13,339,1718
208,166,35,111,339,1857
238,182,37,38,666,1819
115,21,14,111,2596,1378
39,105,112,37,2837,1303
219,25,39,38,2798,1340
13,144,49,51,1082,1768
30,8,38,14,1340,1768
171,106,13,13,2345,1561
180,48,111,14,2216,1768
97,69,18,18,2327,1633
224,4,37,36,2358,1664
81,134,61,21,2888,1886
63,76,23,68,126,1700
240,194,37,13,615,1561
270,50,18,49,584,1651
70,0,51,18,652,1633
133,11,23,68,494,1700
182,215,38,37,703,1782
176,129,23,24,494,1968
29,262,16,16,1907,1428
65,104,67,68,1992,1221
247,107,37,111,2141,1378
11,222,16,45,2266,1444
123,177,29,29,2484,1378
262,187,22,21,3063,1407
209,137,23,23,1131,1610
194,190,13,13,1172,1651
136,125,37,111,1731,1857
80,67,111,36,2216,1664
218,114,38,38,2178,1819
164,256,29,29,2686,1857
47,109,37,36,1782,2023
200,218,66,68,428,1221
22,117,36,14,548,1768
239,258,45,16,2282,1428
2,260,21,21,1407,1886
29,159,38,13,2446,1561
72,153,36,37,2023,1731
109,156,14,38,2127,1819
134,238,39,36,2798,1664
162,101,114,36,2949,2023
16,154,14,36,652,1574
82,29,49,18,445,1633
31,204,110,37,741,1731
38,85,37,38,1252,1340
43,80,14,111,1289,1378
90,118,18,51,1700,1289
242,6,24,68,1968,1221
4,143,112,38,2686,1340
245,27,29,82,2837,1407
105,194,67,23,1154,1610
105,7,50,18,1239,1633
143,33,17,49,1065,2010
132,170,37,13,2358,1651
131,98,114,14,2949,1768
255,41,18,149,517,1340
47,80,110,38,741,1340
108,84,23,23,126,1610
81,9,13,38,326,1819
5,83,14,13,652,1651
4,101,14,111,652,1857
116,20,90,268,494,2059
23,190,23,68,1042,1221
3,175,13,38,1172,1340
267,55,16,16,2266,1428
148,5,61,21,2888,1407
33,199,31,90,892,1610
196,66,50,149,1239,1819
0,34,51,51,1289,1768
253,166,36,111,1574,1857
188,1,51,18,1768,1633
5,219,37,37,2358,1782
260,65,23,200,126,1289
53,73,67,68,517,1221
27,67,13,36,326,1574
232,130,38,13,703,1718
53,134,66,68,1065,1221
113,75,119,121,892,1489
144,55,23,200,1042,1768
107,135,36,38,1185,1819
158,25,18,51,1221,1768
232,44,49,18,1651,1992
88,17,200,24,1768,1968
176,171,13,38,166,1340
44,12,18,51,517,1289
160,154,65,68,149,1700
267,241,13,13,326,1561
161,110,37,111,615,1857
230,245,49,18,535,1992
64,110,148,18,703,1992
152,26,90,268,1610,1221
60,74,82,29,2245,1378
0,135,202,68,2596,1221
46,210,85,29,2978,1378
148,243,140,16,3260,1428
162,53,31,91,892,1968
108,221,18,51,1992,1768
169,154,38,111,2178,1857
45,24,114,36,2949,1664
228,117,37,38,2358,1819
194,182,16,45,2535,1923
21,243,112,13,2686,1718
102,2,85,29,2978,1857
242,65,14,36,2596,2023
58,106,89,90,405,1131
176,72,36,111,548,1378
3,57,13,111,602,1378
43,143,17,51,1065,1289
183,77,49,51,1082,1289
30,86,23,68,1131,1221
196,103,37,111,1252,1378
116,0,37,111,1303,1378
126,19,31,268,892,1700
207,182,18,51,1154,1768
138,88,37,36,1782,1664
69,179,14,14,2127,1768
89,177,37,37,2610,1731
146,162,12,12,2753,1923
183,19,17,149,149,1340
69,113,13,38,445,1340
80,220,17,49,309,1651
40,48,36,36,458,1574
34,200,31,90,374,1610
193,162,22,61,2715,1428
32,52,16,45,2737,1444
17,131,111,13,1378,1561
125,7,18,149,1221,1819
122,140,49,51,1651,1768
198,28,13,37,1718,1782
237,11,18,18,2327,1543
126,213,112,13,2484,1561
176,215,46,16,3017,1907
206,186,38,38,703,1340
156,24,31,268,95,1700
171,222,13,38,166,1819
212,119,61,21,790,1886
3,60,18,149,1154,1340
53,15,13,37,2010,1303
83,195,36,37,2023,1303
263,235,29,29,2837,1378
33,9,35,111,976,1857
71,100,13,111,1082,1857
280,221,13,38,1172,1819
226,18,36,111,1664,1857
43,261,201,23,2395,1520
52,149,39,13,2647,1561
121,77,39,37,2798,1782
32,29,112,13,2484,2010
166,48,41,120,54,1011
252,61,35,14,339,1768
93,110,13,111,326,1857
2,5,148,18,703,1543
140,224,23,68,405,1700
96,50,23,23,494,1610
224,127,13,37,602,1782
235,9,49,149,2010,1340
241,74,29,82,2216,1407
19,247,268,31,1700,1489
34,78,23,200,1610,1768
144,107,37,111,1782,1857
119,95,13,37,2010,1731
252,92,14,37,2127,1731
106,180,112,38,2484,1819
167,164,111,36,1857,2023
151,67,37,38,615,1340
94,235,37,36,615,2023
76,272,61,21,2737,1407
233,224,49,18,1172,1633
4,49,200,23,1289,1610
12,124,13,111,1651,1857
84,246,37,36,2358,1574
8,11,200,23,2127,1610
196,156,37,13,2409,1651
205,36,51,18,2596,1633
178,205,14,36,2596,1664
221,165,45,16,2904,1907
244,89,23,68,405,1221
64,24,37,111,615,1378
71,111,148,51,703,1289
248,86,23,200,126,1768
149,32,23,23,286,1610
55,248,17,18,428,1543
161,22,17,49,428,1561
43,141,23,23,405,1610
218,89,21,61,769,1907
79,112,13,13,535,2010
7,141,14,36,652,2023
79,136,89,90,1042,1131
30,144,201,68,2395,1221
101,242,50,51,2345,1289
210,224,22,61,2978,1428
154,12,48,16,3212,1428
168,26,14,13,1289,1718
50,239,37,14,1252,1768
54,0,29,82,1378,1886
37,148,38,36,1819,1574
165,159,38,13,1819,1718
25,11,12,33,1923,1935
230,196,13,38,2010,1819
45,51,16,16,2535,1907
15,26,151,18,2647,1700
186,24,91,268,1968,2059
207,37,18,50,517,1718
127,62,51,18,652,1700
241,68,29,82,2484,1407
22,101,16,45,2535,1444
132,190,112,14,2686,1289
110,97,35,38,976,1819
62,19,37,36,1303,1574
214,250,38,36,1340,1664
117,199,68,23,1700,1610
210,208,12,12,1923,1923
57,95,24,67,1968,1543
166,126,17,149,149,1819
33,236,35,13,339,1561
51,150,36,36,548,1574
102,48,50,18,602,1543
141,212,36,14,458,1768
132,226,13,13,602,1651
140,189,46,45,3017,1444
191,175,18,18,1221,1633
80,26,31,268,1011,2059
175,29,111,37,1857,1731
37,228,111,37,2216,1731
169,174,111,38,2216,1819
176,31,112,36,2837,1664
114,95,18,149,2327,1819
145,16,14,13,2127,2010
79,97,151,18,2798,1992
50,12,35,111,179,1857
164,114,13,111,535,1857
149,53,88,91,286,1968
139,231,18,18,584,1992
245,253,37,13,615,2010
133,220,29,29,1378,1378
172,248,21,21,1886,1407
13,134,268,90,2059,1131
154,17,83,29,2715,1378
243,57,13,33,3212,1456
167,146,51,18,1289,1633
209,23,13,111,1172,1857
92,161,50,18,1239,1700
21,98,51,149,1289,1819
255,100,16,16,1907,1907
185,245,18,49,2059,1651
159,265,22,21,2513,1886
208,157,50,18,602,1633
204,113,13,37,535,1731
143,12,13,36,535,2023
202,11,38,36,703,2023
37,179,149,51,1340,1289
107,143,38,111,1819,1378
202,193,17,45,3000,1444
208,248,46,45,3102,1444
217,92,36,111,1185,1857
39,53,111,38,1378,1819
32,23,31,268,892,2059
15,97,18,149,1700,1819
55,194,67,67,1992,1543
60,35,51,18,2127,1633
156,105,18,149,1992,1819
198,209,36,38,2023,1819
131,121,112,36,2484,1664
150,56,39,13,2647,1651
157,51,114,13,2949,1718
70,269,112,14,2837,1768
254,212,38,36,2446,2023
185,162,13,111,166,1857
157,90,110,36,741,1574
184,180,18,49,584,2010
216,177,21,61,1886,1428
74,226,140,45,3260,1444
33,113,37,13,1782,1651
99,20,111,13,1857,1651
70,60,38,111,1819,1857
180,260,21,21,1886,1886
164,85,112,13,2686,1561
46,77,151,18,2798,1543
9,93,112,13,2837,1718
181,11,39,38,2647,1819
270,81,22,21,2866,1886
119,16,22,61,2978,1907
20,71,68,67,1700,1992
31,101,160,160,214,851
29,138,90,90,494,1131
131,104,33,33,818,1456
240,19,36,13,548,1561
236,44,13,36,535,1574
4,31,66,68,428,1700
47,141,38,38,2446,1340
124,89,111,36,1378,1574
60,56,23,67,923,1992
199,81,13,111,1718,1857
203,7,14,13,2127,1651
251,82,13,38,2345,1819
208,270,14,13,2596,1718
139,76,18,49,1633,2010
236,22,17,51,428,1289
171,169,38,111,703,1378
113,203,23,68,286,1700
78,95,121,120,1489,1011
248,163,45,45,1923,1444
173,214,37,14,2141,1289
83,149,22,61,2513,1428
103,29,22,21,2866,1407
157,107,89,90,1042,1610
219,56,23,67,1131,1633
141,87,23,200,1131,1768
112,212,51,18,1768,1543
233,22,61,21,1907,1886
228,36,50,49,2077,1561
150,149,39,13,2647,1718
173,149,17,18,149,1633
139,131,66,24,428,1968
156,123,111,14,2216,1289
45,126,38,37,2178,1303
142,97,63,21,3000,1407
178,179,51,18,1289,1700
210,250,33,33,1935,1935
247,181,39,14,2647,1768
54,226,22,61,2866,1907
66,31,38,36,2178,2023
134,162,51,49,2395,2010
91,274,35,14,339,1289
139,77,36,38,1185,1340
113,114,111,38,1857,1340
135,73,18,51,1992,1289
132,101,18,149,2059,1340
135,42,37,13,1252,1561
22,112,14,13,2395,1561
81,14,24,67,1968,1633
109,135,49,18,2010,1700
199,120,35,38,179,1819
188,45,35,13,339,1651
244,166,23,23,494,1520
216,209,49,18,535,1543
148,187,36,36,458,1664
248,192,14,13,652,1718
179,150,37,111,666,1857
135,182,38,111,2446,1378
99,92,61,21,2535,1407
278,243,16,45,2888,1444
18,93,17,45,3085,1444
196,97,13,36,1239,1574
67,65,23,68,1131,1700
108,91,38,37,1340,1731
22,222,37,14,1731,1768
232,253,14,36,2395,1574
108,12,112,36,2484,1574
20,111,36,111,2023,1857
59,47,37,37,2141,1731
126,25,12,12,2551,1923
85,215,61,21,2737,1886
160,175,29,82,2837,1886
250,48,18,149,584,1340
16,180,16,16,790,1428
181,105,23,67,286,1543
131,25,31,268,374,2059
8,231,61,21,2266,1407
117,137,66,68,1065,1700
243,226,18,49,1221,1651
23,107,200,23,1768,1610
69,90,38,37,1819,1731
205,191,18,50,1992,1718
192,274,36,14,2023,1768
170,10,13,13,2345,1651
102,0,112,38,2686,1819
125,37,119,120,95,1011
29,26,23,68,126,1221
14,242,23,24,126,1968
249,236,17,49,428,2010
148,1,14,38,1289,1340
3,122,13,38,1718,1340
134,82,37,111,1782,1378
138,5,50,149,2077,1340
109,156,47,45,3165,1444
102,243,37,13,1303,1561
223,39,31,90,1011,1610
151,229,13,13,1172,1718
194,66,49,51,1172,1768
156,195,67,68,1543,1700
156,234,13,38,1651,1819
75,180,14,14,1768,1768
45,244,151,18,2647,1633
72,26,112,36,2686,1664
48,20,38,111,2446,1857
50,73,33,12,2563,1923
226,1,49,18,1561,1992
84,15,31,90,95,1131
213,78,17,51,309,1768
187,175,36,111,548,1857
234,48,18,49,1221,1561
60,113,37,13,1782,1561
147,66,67,67,1992,1633
249,237,38,13,2178,1718
33,253,38,36,2446,1664
276,171,14,111,2596,1857
140,8,41,120,214,1011
67,182,37,36,615,1574
203,180,13,111,445,1857
211,141,36,111,458,1857
103,70,50,18,602,1700
48,67,37,37,666,1731
200,62,38,111,2178,1378
232,207,39,37,2798,1303
125,67,37,37,1303,1731
227,157,68,68,1700,1700
45,100,67,23,1992,1520
7,18,37,13,2141,1651
248,200,18,18,1992,1700
62,117,18,49,2327,1651
73,90,39,13,2798,1651
149,63,119,120,255,1011
242,191,23,68,286,1221
22,236,37,38,666,1340
137,172,41,121,54,1489
30,236,48,18,326,1543
54,152,68,23,584,1610
52,198,18,51,517,1768
168,94,38,37,703,1731
182,20,13,38,602,1819
135,63,23,24,405,1968
16,119,18,51,2059,1289
210,20,14,38,2395,1340
40,75,37,111,2610,1378
113,195,36,37,1185,1731
87,25,37,13,1303,1718
119,8,13,36,963,2023
120,230,111,36,1857,1664
51,118,37,37,1731,1782
26,179,82,29,2245,1857
253,32,23,24,1610,1968
185,238,37,13,1782,2010
39,126,68,24,2327,1968
11,35,68,67,2327,1992
136,264,150,18,2446,1992
79,30,202,24,2596,1968
187,127,88,90,126,1131
177,184,37,36,666,1664
45,14,51,18,652,1992
166,9,23,200,1042,1289
18,125,83,29,2513,1378
210,89,29,82,2686,1407
19,245,38,36,2178,1574
181,182,114,37,2949,1731
61,46,112,37,2686,1782
182,185,39,13,2798,2010
80,154,13,111,2345,1378
45,159,111,36,1857,1574
3,51,269,31,2327,1489
64,86,112,36,2837,1574
45,29,68,67,2059,1992
52,112,112,36,2837,2023
8,257,13,13,602,1718
153,189,110,36,741,2023
62,147,36,38,1095,1340
240,10,50,51,1239,1289
102,101,22,21,2513,1407
91,153,14,38,2596,1340
152,212,18,18,1221,1543
48,164,50,18,1239,1543
89,215,200,23,1768,1520
63,16,18,51,1543,1768
31,90,67,68,1633,1700
245,105,37,36,2141,1664
160,112,112,13,2484,1651
31,112,202,23,2596,1610
125,160,39,37,2647,1782
122,138,18,49,1543,2010
200,232,37,13,2610,2010
24,8,49,18,535,1633
10,82,31,91,255,1968
114,139,17,18,428,1992
83,83,200,68,1289,1221
11,76,38,38,1340,1340
75,12,37,38,1731,1340
127,252,29,29,2216,1378
54,231,21,21,2245,1407
181,22,114,38,2949,1340
19,196,200,23,1289,1520
124,3,18,149,1154,1819
168,3,14,13,1768,1561
183,9,23,200,1520,1768
104,45,149,18,2178,1543
33,17,111,36,2216,1574
203,230,39,36,2798,1574
188,160,14,37,2127,1782
263,171,13,111,2345,1857
1,140,37,111,2409,1857
88,71,31,91,1489,1968
24,124,48,51,166,1289
42,214,23,67,126,1992
217,247,65,23,309,1610
82,66,37,13,666,1651
111,18,120,120,1011,1011
135,249,38,14,2178,1289
22,163,114,37,2949,1303
53,55,17,16,3148,1428
250,230,13,36,1172,1664
42,14,68,23,1700,1520
98,216,14,36,1768,1664
61,237,51,50,1768,1718
25,156,150,18,2446,1543
5,202,88,90,286,1131
216,164,13,37,326,1731
195,220,13,37,326,1782
82,172,37,36,666,1574
73,29,13,36,535,1664
75,33,13,14,602,1768
190,167,33,12,818,1923
64,97,18,49,517,2010
60,32,68,24,584,1968
247,79,17,51,946,1768
56,141,38,111,1340,1857
135,3,68,200,2059,1768
14,78,111,37,2216,1782
12,213,39,37,2647,1731
75,15,214,214,0,0
43,219,36,13,458,1561
131,173,23,67,405,1992
248,95,29,82,2949,1407
127,154,88,90,923,1610
81,210,65,68,946,1700
246,146,29,29,1378,1857
136,85,17,18,1065,1992
135,271,14,13,1768,1651
161,258,111,14,1857,1768
194,5,68,23,2059,1520
151,11,38,13,2178,1561
213,14,13,111,2010,1857
54,259,151,18,2798,1633
157,43,33,12,2765,1923
144,5,39,111,2798,1857
211,113,13,111,166,1378
91,55,31,90,255,1610
59,50,48,18,326,1633
25,220,49,18,535,1700
228,19,31,268,1011,1221
60,205,68,68,1221,1221
60,54,200,68,2127,1221
30,155,12,12,2904,1444
174,246,38,13,1340,1561
144,203,13,37,1239,1731
130,153,36,38,1574,1819
219,149,38,13,1819,1651
156,24,14,111,1768,1857
138,103,12,12,2904,1923
129,47,51,18,1768,1992
208,58,23,200,494,1289
141,10,33,12,818,1444
62,24,17,49,309,1561
262,110,13,36,445,1574
152,119,38,36,703,1664
82,180,36,38,548,1819
82,228,13,37,602,1731
172,121,50,51,1718,1289
265,48,14,111,1768,1378
19,129,45,45,2753,1444
32,119,17,149,1065,1819
195,160,35,13,976,2010
31,142,201,23,2395,1610
242,53,37,37,2409,1782
25,28,29,82,2484,1886
227,168,37,13,2610,1718
90,59,68,24,2059,1968
253,163,31,31,374,1489
161,225,38,13,703,2010
21,60,268,90,1700,1131
71,111,17,16,3000,1428
253,14,13,37,1239,1782
84,106,149,18,1819,1633
19,205,18,51,1633,1768
175,191,37,37,1782,1782
147,219,37,13,2141,1718
72,256,14,13,2395,1651
209,55,68,68,2327,1700
1,48,112,14,2484,1768
87,12,14,36,2127,2023
63,124,41,121,214,1489
96,142,17,149,428,1819
24,239,18,18,517,1633
237,196,13,13,535,1651
167,232,13,37,535,1782
198,61,36,111,1185,1378
155,176,64,21,3148,1407
128,99,13,12,3212,1444
139,199,149,18,1340,1700
192,87,18,149,1543,1819
237,195,38,38,1819,1819
34,84,13,37,2010,1782
238,122,37,111,2141,1857
68,115,114,38,2949,1819
199,59,46,45,3017,1923
187,258,67,24,1543,1968
132,9,36,36,1574,2023
238,50,18,18,584,1700
21,2,31,268,255,2059
81,55,45,16,1923,1428
35,48,14,111,2395,1378
183,133,39,14,2647,1289
103,87,37,36,1303,1664
251,228,36,38,1664,1819
114,160,37,36,2409,1574
177,58,39,13,2798,1561
213,53,50,18,2077,1633
136,256,37,14,2141,1768
170,202,39,36,2647,1664
145,169,38,13,2178,2010
182,83,31,91,95,1968
16,89,14,13,652,1561
84,67,13,14,535,1768
81,136,31,90,1011,1131
230,65,13,111,1172,1378
148,203,29,82,1857,1407
25,71,50,51,2077,1289
22,80,269,90,2327,1131
113,105,37,38,2610,1340
52,138,18,18,1154,1633
10,111,49,18,1172,1700
71,162,18,18,1221,1700
160,213,49,51,1561,1768
216,68,68,67,1700,1633
35,119,200,23,2127,1520
144,117,51,18,2127,1543
8,32,67,23,1992,1610
106,254,39,37,2798,1731
80,229,51,18,2395,1992
149,2,14,13,2596,2010
249,144,18,51,584,1289
179,261,21,21,769,1407
184,271,13,13,445,1651
136,23,88,268,286,2059
207,0,18,149,1700,1340
72,192,37,38,2141,1340
238,96,18,149,2327,1340
33,127,22,21,2715,1407
147,36,36,13,1185,1718
86,125,37,13,1252,1718
176,12,31,90,1489,1610
117,252,38,37,1819,1782
8,177,18,49,2327,1561
242,116,37,14,2610,1768
109,227,112,38,2837,1819
81,1,31,268,1489,2059
12,205,14,13,1768,2010
80,96,13,111,326,1378
168,16,119,121,95,1489
25,113,48,18,326,1700
199,65,14,36,1289,1574
276,68,13,13,963,2010
43,133,121,121,1489,1489
163,127,18,51,1700,1768
95,166,50,18,2077,1543
64,76,14,36,2596,1574
194,45,13,13,2010,1718
169,171,112,37,2837,1782
82,268,17,16,3000,1907
175,87,13,13,1561,2010
98,6,35,37,339,1731
164,9,49,18,445,1543
193,17,13,13,445,1561
126,239,36,37,548,1782
63,93,37,37,615,1731
213,117,13,111,1082,1378
155,39,23,200,1131,1289
237,45,37,111,1731,1378
187,119,29,29,1857,1378
199,20,16,16,2888,1428
145,101,68,23,1221,1520
41,95,111,37,1378,1782
41,135,37,13,2141,1561
217,126,14,111,2127,1857
55,110,16,45,2888,1923
121,223,22,21,2978,1886
144,108,38,13,1819,2010
264,62,14,38,652,1340
183,220,28,29,741,1857
70,93,13,13,445,2010
76,144,16,16,2737,1428
173,187,112,14,2837,1289
119,138,120,121,1011,1489
178,112,90,31,1610,1489
76,124,111,13,1857,1561
128,15,37,38,1731,1819
114,139,38,13,2446,1651
74,92,23,67,1520,1992
8,0,268,268,2059,2059
30,150,112,13,2837,2010
189,2,31,268,95,1221
212,200,13,36,166,1664
20,201,17,18,309,1633
161,75,35,38,339,1819
107,69,23,67,405,1633
100,276,37,13,615,1651
37,118,37,14,615,1768
63,179,110,38,741,1819
73,58,199,24,652,1968
81,204,13,36,602,2023
41,90,22,61,3063,1428
51,115,23,68,1520,1700
56,35,202,23,2596,1520
53,159,37,13,2610,1561
183,24,112,36,2686,1574
2,191,114,37,2949,1782
125,142,35,111,339,1378
164,146,38,36,703,1574
260,145,18,149,517,1819
25,0,89,268,405,2059
141,103,37,13,666,2010
221,128,37,38,2409,1340
118,138,38,13,1340,1718
203,13,88,268,923,2059
274,59,14,13,2127,1561
37,217,37,36,2610,1574
21,13,68,68,2059,1700
74,15,14,36,2395,1664
110,162,38,14,2446,1768
177,107,38,37,2446,1782
55,68,33,33,2563,1935
64,36,51,18,2596,1700
208,66,14,36,1768,2023
233,145,39,36,2798,2023
230,141,18,18,584,1633
192,54,14,111,2127,1378
250,171,36,13,1185,1651
149,189,111,13,1378,1718
250,134,37,37,1252,1782
91,258,17,18,946,1992
23,59,29,29,1857,1857
69,54,16,45,1907,1923
188,68,13,37,2345,1782
223,44,45,16,2551,1907
57,132,16,45,2737,1923
71,6,85,82,3063,1886
82,12,23,24,1520,1968
51,189,23,68,494,1221
230,34,14,111,652,1378
250,34,13,14,326,1768
20,31,67,23,517,1520
11,7,267,268,584,2059
143,190,13,38,1082,1340
238,245,13,14,2010,1289
179,120,37,111,2409,1378
67,256,22,21,2978,1407
97,11,13,111,963,1857
251,258,38,36,1340,1574
167,82,13,38,1718,1819
155,185,111,37,1857,1782
83,178,14,37,2596,1782
131,241,112,14,2686,1768
125,177,12,33,2753,1935
51,137,85,29,3063,1857
23,161,37,111,666,1378
223,274,45,16,806,1428
91,96,12,33,806,1456
26,170,65,23,309,1520
182,204,13,36,445,2023
97,70,18,51,1154,1289
42,156,200,68,1768,1221
67,41,14,38,2127,1340
62,251,45,16,2753,1428
1,9,252,29,3148,1378
275,27,17,49,946,2010
155,21,31,91,1011,1968
183,188,23,24,1042,1968
159,33,112,37,2837,1731
111,137,37,37,2610,1782
71,85,35,37,339,1303
21,149,267,90,584,1131
21,207,13,38,602,1340
47,202,35,13,179,1651
109,6,88,268,126,2059
203,22,31,268,374,1700
201,259,13,14,445,1768
42,107,199,23,652,1610
39,196,110,36,741,1664
69,251,37,37,615,1782
64,47,16,16,2535,1428
4,190,83,29,2866,1378
143,157,90,90,1131,1520
27,45,36,111,1095,1857
220,2,18,18,1154,1700
90,213,61,21,1428,1886
49,67,39,36,2647,1574
109,106,111,13,2216,1651
76,28,14,38,2395,1819
105,273,45,16,2753,1907
101,23,90,268,1610,2059
186,181,23,67,126,1633
158,119,17,149,309,1819
264,71,18,18,584,1543
103,153,110,13,741,1651
65,179,38,14,703,1768
260,154,13,111,1239,1378
195,161,13,38,963,1819
79,143,82,29,1407,1857
88,208,48,18,963,1992
48,223,33,12,1935,1923
23,69,37,13,2358,1561
104,62,61,21,2535,1886
146,74,33,33,2916,1935
34,176,252,82,3148,1886
43,115,61,21,790,1407
42,26,48,18,166,1633
258,123,17,18,428,1633
166,192,82,29,769,1857
177,127,37,38,2358,1340
88,25,14,13,1289,1561
216,14,24,23,1968,1520
128,216,151,18,2647,1543
88,61,14,13,2127,1718
127,215,68,23,2327,1610
181,93,22,61,2715,1907
192,182,83,29,2866,1857
213,27,12,33,2904,1935
13,9,269,268,2327,2059
109,7,65,68,149,1221
153,130,17,18,309,1543
275,164,18,49,584,1561
9,49,49,18,445,1992
132,68,36,36,458,2023
126,233,13,13,602,2010
92,157,110,13,741,2010
102,229,51,51,1289,1289
215,180,39,38,2647,1340
40,108,39,111,2647,1378
109,0,31,268,1011,1700
113,52,38,13,1340,1651
178,0,31,268,1489,1700
276,175,14,36,2127,1664
242,217,24,68,1968,1700
131,96,38,14,2178,1768
94,194,37,36,2141,2023
63,226,23,67,286,1633
3,241,51,18,652,1543
29,265,148,18,703,1633
63,14,38,13,703,1651
91,38,23,200,494,1768
237,223,51,51,652,1768
145,110,18,18,517,1992
109,96,111,37,2216,1303
191,50,18,50,1154,1718
101,27,18,18,2059,1543
196,107,37,13,2409,1561
0,120,83,29,2715,1857
